3009369188 9255865784 6684612156 7955425660 5416005071 
2766417660 5687427420 0329577160 6434486062 0123982169 
8271723197 8268166282 4993871499 5449137302 0518436690 
7672357740 0053932662 6227603236 5975171892 5901801104 
2903842741 8550789488 7438832703 0632832799 6300720069 
8012244365 1163940869 2222074532 0244624121 1558043545 
4206421512 1585056896 1573564143 1306888344 3185280853 
9759277344 3365538418 8340303517 8229462537 0201578215 
7373265523 1857635540 9895403323 6382319219 8921711774 
4946940367 8296185920 8034038675 7583411151 8824177439 
1450773663 8407188048 9358256868 5420116450 3135763335 
5509440319 2367203486 5101056104 9872726472 1319865434 
3545040913 1859513145 1812764373 1043897250 7004981987 
0521762724 9406521461 9959232142 3144397765 4670835171 
4749367986 1865527917 1582408065 1063799500 1842959387 
9915835017 1580759883 7849622573 9851212981 0326379376 
2183224565 9423668537 6799113140 1080431397 3233544909 
0824910499 1433258432 9882103398 4698141715 7560108297 
0658306521 1347076803 6806953229 7199059990 4451209087 
2757762253 5104090239 2888779424 6304832803 1913271049 
5478599180 1969678353 2146444118 9260631526 6181674431 
9355081708 1875477050 8026540252 9410921826 4858213857 
5266881555 8411319856 0022135158 8872103656 9608751506 
3187533002 9421186822 2189377554 6027227291 2905042922 
5978771066 7873840000 6167721546 3844129237 1193521828 
4998243509 2089180168 5572798156 4218581911 9749098573 
0570332667 6464607287 5743056537 2602768982 3732597450 
8447964954 5648030771 5981539558 2777913937 3601717422 
9960273531 0276871944 9444917939 7851446315 9731443535 
1850491413 9415573293 8204854212 3508173912 5497498193 
0871439661 5132942045 9193801062 3142177419 9184060180 
3479498876 9105155790 5554806953 8785400664 5337598186 
2846419905 2204528033 0626369562 6490910827 6271159038 
5699505124 6529996062 8554438383 3032763859 9800792922 
8466595035 5121124528 4087516229 0602620118 5777531374 
7949362055 4964010730 0134885315 0735487353 9056029089 
3352640071 3274732621 9603117734 3394367338 5759124508 
1493357369 1166454128 1788171454 0230547506 6713651825 
8284898099 5121391939 9563324133 6556777098 0030819102 
7204099714 8687418134 6670060940 5102146269 0280449159 
6465453301 0775469541 3088714165 3125448130 6119240782 
1188690056 0277818242 3502269618 9344352547 6335735364 
8561936325 4417756613 9817039306 3287216690 5722259745 
2091929172 6219984440 9646158269 4563802395 0283712168 
6446561785 2355651641 2771282691 8688615572 7162014749 
3405227694 6595712198 3149433816 2211400693 6307430444 
1732847861 0177774383 7977037231 7952554341 0722344551 
2555589998 6461838767 6490397246 1167959018 1000350989 
2864120419 5163551108 7632042676 1297982652 9425882951 
1412758412 6273279079 8807559751 8515768412 6474220947 
9721843309 3529726652 1001566251 4552994745 1276315509 
1763673025 9462132930 1904028379 5424632325 8550301096 
7069227202 2707486341 9005438302 6506812141 4213505715 
4175057508 6399076739 4633514620 9082888934 9383764393 
9925690060 4067311422 0933121959 3620298297 2351163259 
3867722414 7791162957 2780752395 0562515816 0313335938 
2311500518 6268905306 5836812998 8108663263 2719806112 
7154885879 8093487912 9137074982 3057592909 1862939195 
0147211975 8606727009 2547718025 7503377307 9939713453 
9532646195 2699965963 8565491759 0458333585 7991020127 
1320458390 3200853878 8816336376 8518208372 7885131175 
2277696097 8796214237 2162545214 5912818317 9821604411 
1311671406 9148271709 8101545778 1939202311 5638719508 
0502467972 5792497605 7726259133 2855972637 1211201905 
7207714091 4864507409 4926718035 8151575715 1405039761 
0963846755 5692989703 8354731410 0223802583 4687673501 
2977541327 9532060971 1545064842 1218593649 0997917766 
8747744818 8287063231 5515865032 8981642282 8823274686 
6106592732 1979071623 8464215348 9852476216 7890502609 
9804526648 3929542357 2873439776 8049577409 1449538391 
5755654854 5905897649 5198513801 0079580107 8375994577 
5299196700 5476022525 5203445398 8712538780 1719607181 
6407812484 7847257912 4078245443 6168234523 9570689514 
2722697504 3187363326 3011103053 4233358216 0933319121 
8806608268 3414289104 1517324721 6053355849 9932245487 
3077882290 5252324234 8615315209 7693846104 2582849714 
9634753418 3756200301 4915703279 6853018686 3157248840 
1526639835 6895636346 5743532178 3493199825 5421173084 
6774529708 5839507616 4582296303 2442432823 7737450517 
0285606980 6788952176 8198156710 7816334052 6675953942 
4926280756 9683261074 9532339053 6223090807 0814559198 
3735537774 8742029039 0181429373 1152933464 4468151212 
9450975965 3430628421 5319445727 1186149000 1765055817 
7095302468 8752632501 1970520947 6159416768 7277844720 
0019278913 7251841622 8577837922 8443908430 1181121496 
3664246590 3363419454 0657183544 7719124466 2125939265 
6620306888 5200555991 2123536371 8226922531 7814587925 
9375044144 8933981608 6579008761 6502463519 7045828895 
4817937566 8104647461 4105142498 8702521399 3687050937 
2305447734 1126413548 9280684105 9107716677 8212383328 
1026218558 7751312721 1793444482 0144042574 5083063944 
7383637939 0628300897 3306241380 6145894142 2769474793 
1665717623 1824721683 5067807648 7573420491 5576282175 
8397297513 4478990696 5895325489 4033561561 3167403276 
4724692125 0575911625 1529654568 5446334981 1431767025 
7295661844 7754874693 7846423373 7238981920 6620485118 
9437886822 4807279352 0225017965 4534375727 4163910791 
9729529508 1294292220 5347717304 1844779156 7399173841 
8311710362 5243957161 5271466900 5814700002 6330104526 
4354786590 3290733205 4683388720 7873544476 2647925297 
6901709120 0787418373 6735087713 3769776834 9634425241 
9949951388 3150748775 3743384945 8259765560 9965559543 
1804092017 8497184685 4973706962 1208852437 7013853757 
6814166327 2241263442 3982152941 6453780004 9250726276 
5150789085 0712659970 3670872669 2764308377 2296859851 
6912230503 7462744310 8529343052 7307886528 3977335246 
0174635277 0320593817 9125396915 6210636376 2588293757 
1373840754 4064689647 8310070458 0613446731 2715911946 
0843593582 5987782835 2665311510 6504162329 5329047772 
1740835593 4972375855 2138048305 0900096466 7608830154 
0612824308 7406455944 3185341375 5220166305 8121110334 
5312074508 6824339432 1590435944 3031243122 7471385842 
0303901060 7094031523 5556172767 9941600203 9397509989 
7629335325 8555756248 0899669182 9864222677 5023601932 
5797472674 2578211119 7347094023 5745722227 1212526852 
3842958742 7350156366 0093188045 4933389897 4157149054 
4182559738 0808715652 8143010267 0460284316 8192303925 
3529779576 5862414392 7015497408 7927313105 1636119137 
5770089295 6482332364 8298263024 6079758757 6774537716 
0102490804 6243018565 2416175665 5600160859 1215345562 
6760219268 9982855377 8725831451 4408265458 3484409478 
4631787773 7479465358 0169960779 4055687011 9232860804 
1130904629 3508718271 2593466871 2766694873 8998245985 
2778649956 9165464029 4589350649 6433580982 4765965165 
1420909867 5520380830 9203230487 3427034682 8875160407 
1546653834 6196112230 1375945157 9252696743 6425319273 
9003603860 8236450762 6988274976 1872357547 6762889950 
7521148048 5252795084 5033958570 8381304769 3788132112 
3674281319 4879502280 6632017002 2460331989 6719706491 
6374117585 4851878484 0120548446 7258885140 1562725019 
8217190669 6081262778 5485964818 3696214107 2171421498 
6361918774 7545096503 0895709947 0934337856 9816744658 
2826791194 0611956037 8453978558 3924076127 6344105766 
7510243075 5981455278 6167815949 6570625597 5507430652 
1085301597 9080733437 3607943286 6757890533 4836695554 
8680391343 3720156498 8342208933 9997164147 9746938696 
9054800891 9306713805 7171505857 3071488156 4992071408 
6758259602 8760564597 8242377024 2469805328 0566327870 
4192676846 7116266879 4634869504 6450742021 9373945259 
2626686135 5294062478 1361206202 6364981999 9949840514 
3868285258 9563422643 2870766329 9304891723 4007254717 
6418868535 1372332667 8779217383 4754148002 2803392997 
3579361524 1275582956 9276837231 2347989894 4627433045 
4566790062 0324205163 9628258844 3085438307 2014956721 
0646053323 8537203143 2421126074 2448584509 4580494081 
8209276391 4000854042 2023556260 2185643489 9414543995 
0410980591 8179488826 2805206644 1086319001 6885681551 
6922948620 3010738897 1810077092 9059048074 9092427141 
0189335428 1842999598 8169660993 8369616443 8152887721 
4085268088 7574882932 5873580990 5670755817 0179491619 
0611400190 8553744882 7262009366 8560447559 6557476485 
6740081773 8170330738 0305476973 6097865438 5938218722 
0583902344 4435088674 9986650604 0645874346 0053318274 
3629617786 2518081893 1443632512 0510709469 0813586440 
5192295129 3245007883 3398788429 3393424351 2634336520 
4385812912 8343452973 0865290978 3300671261 7981303167 
9438553572 6296998740 3595704584 5223085639 0098913179 
4759487521 2639707837 5944861139 4519602867 5121056163 
8976008880 0927461158 6080020780 3341591451 7970730368 
3519697776 6076373785 3330120241 2011204698 8609209339 
0853657732 2239241244 9051532780 9509558664 5947763448 
2269986074 8132973026 3097502881 2103517723 1244650953 
4965369309 0018637764 0940943498 3731325132 1862080214 
8099226855 0294845466 1814715557 4447096695 3017769043 
4272031892 7706047177 8452793916 0472281534 3798035396 
7986142437 0956683221 4914654380 1459382927 7393396032 
7540480095 5223181666 7380357183 9327570771 4204672383 
8624617803 9762923771 3120958078 9363841447 9298025880 
6552212926 2093623930 6373134966 4018661951 0811583471 
1733120258 0586672763 9992763579 0780638188 1306915636 
6274125431 2595899361 1964762610 1405563503 3995231403 
2311381965 6236327198 9618372548 4533370206 2563464223 
9527669435 6837676136 8711962921 8187545760 8161705303 
1590728828 7007123136 6630872275 4918661395 7737305460 
6599743781 0987649802 4140112421 4277366808 2751390959 
3134041558 2626678951 0846776118 6659576601 6599817808 
9414985754 9762843878 5610026379 6543178313 6340251358 
1416115190 2096499133 5487331311 1502270068 1930135929 
5959716401 9719605362 5033558479 9809634887 1803911161 
2813595968 5654788683 2585643789 6173159762 0024196215 
5289629790 4819822199 4622694871 3746244472 9093456470 
0285376949 5885959160 6789282491 0544125159 9630078136 
8367490209 3749157328 9627002865 6829344431 3423473512 
3929825916 6739503425 9958689706 9726733258 2735903121 
2887466604 5146148785 0346142827 7659916080 9039865257 
5717263081 8334944418 2019353338 5071292345 7743755793 
4406217871 1330063106 0033240539 9169368260 3746176638 
5657588775 8020122936 6353270267 1006812618 2517291460 
8202541892 8859352444 9107013820 6211553827 7935652969 
1457650204 8643282865 5579347072 0963480737 2692141186 
8954673227 6775133569 0190153723 6690368653 8916129168 
8887876407 5254934942 4973342718 1178892759 9315967193 
5475898809 7924525262 3636590363 2007085444 0784544797 
3482918020 8204492667 0634420437 5553250505 2752283377 
8887040804 0335319234 0768563010 9347772125 6390886404 
1310107381 7853338316 0381352808 2811904083 2564401842 
0537467929 9262203769 8718018061 1226244909 0924264198 
5820861751 1771137890 5160914038 1575003366 4241560952 
1632819712 2335023167 4226005679 4128140621 7219641842 
7057843289 5980288233 5059828208 1966662490 3585778994 
0333152274 8177769528 4368163008 8531769694 7836905806 
7106482808 3598046698 8410981351 5865490693 3319522394 
3632879239 9053481098 7830274500 1720654336 9906611778 
4554364687 7236318444 6476806914 2828004551 0746866453 
9280539940 9108754939 1660957316 1971503316 6968309929 
4663491427 9878084225 7220697148 8755806374 8030886299 
5118473187 1247772919 1007022758 8893486939 4562895158 
0296537215 0409603107 7612898312 6358996489 3410247036 
0366450586 8728758905 1406841238 1242473863 8542790828 
2733827973 3268855049 3587430316 0274749063 1295723497 
4261122151 7417153133 6186224109 1386950068 8835898962 
3492763173 1647834007 7460886655 5987333821 1382992877 
6911495492 1841920877 7160606847 2874673681 8861675072 
2101726110 3830671787 8566948129 4878504894 3063086169 
9487987031 6051588410 8282351274 1535385133 6589533294 
8629494495 0618685147 7910580469 6039069372 6626703865 
1290520113 7810858616 1888869479 5760741358 5534585151 
7680519733 3443349523 0120395770 7396237713 1603024288 
7200537320 9982530089 7761897312 9817881944 6717311606 
4723147624 8457551928 7327828251 2718244680 7824215216 
4695678192 9409823892 6284943760 2488522790 0362021938 
6696482215 6280936053 7317804086 3727268426 6964219299 
4681921490 8701707533 3610947913 8180406328 7387593848 
2695355830 7739576144 7997270003 4728801827 8528138950 
3217986345 2161110666 0883931405 3226944905 4555278678 
9441757920 2440021450 7801920998 0446138254 7805858048 
4424164047 7503153605 4906591430 0781583724 3012313751 
1562284015 8386442708 9071828481 6757527123 8467824595 
3433444962 2010096071 0513706084 6180118754 3120725491 
3349942476 1711563332 1408934609 1565615506 0031738421 
8701570226 1031019166 0388706466 1438897736 3187809407 
1152752817 4689576401 5810470169 6524755774 0891644568 
6777171585 0058326994 3401677202 1567677240 6812836656 
5264122982 4394651331 9735919970 9403275938 5026695574 
7023181320 3243716420 5861410336 0652453693 9160050644 
9530601612 6782264894 2437397166 7176612310 4897503188 
5732165554 9883421218 0284691252 9086101485 5278152776 
2562375045 6375769497 7343368460 1560772703 5509629049 
3924870884 0628106794 3622418704 7470083688 4267102255 
8302403599 8416459511 2248527263 3632645114 0173952480 
8619463584 0783753556 8856223171 1552094722 3065437092 
6067973510 0056554938 1224575483 7285457117 9739361575 
6167641692 8958052572 9752233855 8611388322 1711073622 
6581621884 2443178857 4887981090 2665379342 6664216990 
9140565364 3224930133 4867988154 8866286650 5234699723 
5574738424 8305904236 7714327879 2316422403 8777643301 
9260019228 4778313837 6325361210 2533693581 2624086866 
6997382759 7736568222 7907215832 4788886423 6934639616 
4363308730 1398142114 3030600873 0666164803 6789840913 
3592629340 2304324974 9268878316 4360268101 1309570716 
1419128306 8657732353 2639653677 3903176613 6131596555 
3584999398 6005651559 2193675997 7717933019 7446881483 
7110320650 3693192894 5214026509 1546518430 9936553493 
3371834252 9843367991 5939417466 2239003895 2767381333 
0617747629 5749438687 1697845376 7219493506 5908757119 
1772087547 7107189937 9608947745 1265475750 1871194870 
7387367858 9020061737 3321075693 3022163206 2843206567 
1192096950 5857611739 6163232621 7708945426 2146098584 
1023781321 5817727602 2227381334 9541048100 3073275107 
7999489919 7796388353 0734443457 5329759142 6376840544 
2264784216 0631227696 4696715647 3999043715 9033239065 
6072664411 6438605404 8388471619 1210900870 1019130726 
0710441141 4324197679 6828547885 5247794764 8180295973 
6049439700 4795960402 9274629920 3572099761 9501403483 
1538094771 4601056333 4469988208 2212058728 1510729182 
9712119178 7642488035 4672316916 5418522567 2923442918 
7128163232 5969654135 4858957713 3208339911 2887759172 
2611527337 9010341362 0856145779 9239877832 5083550730 
1998184590 2595835598 9260553299 6737704917 2245493532 
9683300002 2301815172 2657578752 4058832249 0858212800 
8974790932 6100762578 7704286560 0699617621 2176845478 
9964407050 6624171021 3327486796 2374302291 5535820078 
0141165348 0656474882 3061500339 2068983794 7662550365 
4982280532 9662862117 9306284301 7049240230 1985719978 
9488368971 8304380518 2174419147 6604297524 3725168343 
5411217038 6313794114 2209529588 5798060152 9387527537 
9903093887 1683572095 7607152219 0027937929 2786303637 
2687658226 8124199338 4808166021 6037221547 1014300737 
7537792699 0695871212 8928801905 2031601285 8618254944 
1335382078 4883465311 6326504076 4242839087 0121015194 
2319616522 6842200371 1230464300 6734420647 4771802135 
3070124098 8603533991 5266792387 1101706221 8658835737 
8121093517 9775604425 6346949997 8725112544 0854522274 
8109148743 0725986960 2040275941 1789425812 8188215995 
2359658979 1811440776 5335432175 7595255536 1581280011 
6384672031 9346507296 8079907939 6371496177 4312119402 
0212975731 2516525376 8017359101 5573381537 7200195244 
4543620071 8484756634 1540744232 8621060997 6132434875 
4884743453 9665981338 7174660930 2053507027 1952983943 
2714253711 5576660002 5784423031 0734295515 3394506048 
6222764966 6876240793 2435319299 2639253731 0768921353 
5257232108 0889819339 1686682789 4828117047 2624501948 
4097009757 6092098372 4090074717 9733407881 4182519584 
2598096241 7476101382 5264395513 5259311885 0456362641 
8830033853 9652435997 4169313228 9471987830 8427600401 
3680747039 0409723847 3945834896 1865397905 9411859931 
0356168436 8692194853 8205578039 5773881360 6795499000 
8512325944 2529724486 6667668346 4140218991 5944565309 
4234406506 6785194841 7766779470 4720419588 2204329538 
0326310537 4948831221 8039127967 8446100139 7267538921 
9511911783 6587662528 0836900532 4900459741 0947068772 
9123282143 0463533728 3519953648 2743258331 1914445901 
7809607782 8835837301 1185754365 9958982724 5319253105 
8811502630 7542571493 9430244539 3187017992 3608166611 
3054262539 9583389794 2971602070 3387678150 3301028012 
0095997252 2222808014 2357109476 0351925544 4349299867 
6781789104 5559063015 9538097618 7592035893 7341978962 
3589311259 8390259831 0267193304 1892151096 8915622506 
9659119828 3234555030 5908173073 5195503721 6658702880 
5399213857 6037035377 1051780212 8012956684 1984140362 
8727256232 1442875430 2210909472 7210734741 3497551419 
0737043318 2766261772 7599688882 6027225247 1336833534 
5281669277 9591328861 3817663498 5772893690 0965749562 
2871030243 6259077241 2219094300 8717556926 2575806570 
9912016659 6224360802 4287002454 7362036394 8412559548 
8172727247 3653467783 6472019183 0399871762 7037515724 
6499222894 6793232269 3619177641 6146187956 1395669956 
7783068290 3165896994 3076733350 8234990790 6241002025 
0613405734 4300695745 4746821756 9044165154 0636584680 
4636926212 7421107539 9042188716 1276177870 1425886482 
5775223889 1845995233 7629237791 5585744549 4773612955 
2595222657 8636462118 3775984737 0034797140 8206994145 
5807190802 1359073226 9233100831 7595106590 1912129479 
5408603640 7573587502 0589020870 4579670007 0552625058 
1142066390 7459215273 3094068236 4944159089 1009220296 
6805233252 6619891131 1842016291 6310768940 8472356436 
6808182168 6572196882 6835840278 5500782804 0434537101 
8365109695 1782335743 0305048526 5373807353 1074185917 
7056103973 9506264035 5442275156 1011072617 7937063472 
3804990666 9221619711 9425912044 5084641746 3835899382 
3994651739 5509000859 4799901360 2667426149 4290066467 
1150671754 2217703877 4507673563 7421547829 0591101261 
9157555870 2389570014 0511782264 6989944917 9083017954 
7587676016 8094100135 8376135785 9135692445 5647764464 
1786671153 9195135769 6104864922 4900834467 1548638305 
4477914330 0976804868 7834818467 2733758436 8927243104 
4740680768 5278625585 1650920882 6381323362 3148733336 
7147645204 5087662761 4950389949 5048095604 6098960432 
9123358348 8599902945 2640028499 4280878624 0398118148 
8476730121 6754161106 6299955536 6819312328 7425702063 
7383520200 8686369131 1733469731 7412191536 3324674532 
5630871347 3027921749 5622701468 7325867891 7345583799 
6435135880 0959350877 5563562488 1049385299 9007675135 
5135277924 1242927748 8565888566 5132473025 1471021057 
5352516511 8148509027 5047684551 8252096331 8990685276 
1443513821 3662152368 8905787866 9943228881 6028377482 
0355060160 2989400911 9713850179 8716836337 4413927597 
3644017007 0147637066 5570350433 8121113576 4150184518 
2141361982 3495159601 0647527125 7593518530 4332875537 
7830575095 6742544268 4712219618 7091785607 8393614451 
1383335649 1032564057 3389866717 8123972237 5193164306 
1701385953 9474367843 3926709867 1245221118 9690840236 
3274114966 0124348309 8929941738 0305884171 6661307304 
0067588380 4321115553 7944060549 7721705942 8215148861 
6567277124 0903387727 7456290971 1013488518 4374118695 
6554497457 3684521806 6982911045 0580042998 8795389902 
7804383596 2824094218 6055628778 8428802127 5538848037 
2864001944 1614257499 9042720095 9520465417 0598104989 
9675045119 3647117277 2220436102 6140797508 0968697517 
6600237187 7483480161 2031023468 0567112644 7661237476 
2785219024 1202569943 5347162266 6089367521 9833111813 
5111465038 5489502512 0655772636 1454736044 2685949807 
4396932331 2971273771 5734709971 3952291182 6534851555 
8713733662 9120242714 3025037632 6950135091 1612952993 
7858646813 0722648600 8270881333 5381937036 8259886789 
3321238327 0532976258 5738279009 7826460545 5985551318 
3668884462 8265133798 4916678394 0976135376 6251798258 
2496634587 7195012438 4040359140 8492097337 5464247448 
8176184070 0235695801 7741017769 6925077814 8933866725 
5789856458 9851056891 9609243988 4156928069 6983352240 
2256345704 9731224526 9354193837 0048431833 5719651662 
6721575524 1934019330 9901831930 9196582920 9696562476 
6768365964 7019595754 7393455143 3741370876 1517323677 
2042273856 7427917069 8204549953 0959188724 3493952409 
4441678998 8463198455 0485239366 2972079777 4528143994 
1825678945 7795712552 4268260899 4086331737 1538896262 
8896294021 1210888442 7376568624 5276121303 7101730078 
5135715404 5330415079 5944777614 3597437803 7424366469 
7324713841 0492124314 1389035790 9241603640 6314038149 
8314819052 5172093710 3964026808 9948325722 9795456404 
2701757722 9041732347 9607361878 7889913318 3058430693 
9482596131 8713816423 4672187308 4513387721 9086975104 
9428437693 2502498165 6673816260 6159417682 5250999374 
1672883951 7440669325 4965340310 1452225316 1890092353 
7648637848 2881344209 8700480962 2717122640 7489571939 
0029185733 0746010436 0729190945 7679946149 2929042798 
1687729426 4877299528 5843464777 5386906950 1489841339 
2454039414 4680263625 4021186143 1703125111 7577642829 
9146445334 0892097696 1699098372 6523617687 4560589470 
4968170136 9749095230 7208268288 7890730190 0182534258 
0534342170 5928713931 7379931424 1085264739 0948284596 
4180936141 3847583113 6130576108 4623668372 3769591349 
2615824516 2215521348 7924414504 1756848064 1206365201 
7038633012 9532777699 0231186480 2006755690 5682295016 
3549319923 0591424639 6217025329 7475731140 9422018019 
9368035026 4956369558 6642590676 2685687372 1103391567 
9383989576 5565193177 8830002416 1353956243 7777840801 
7488193730 9502069990 0890899328 0883974303 6773659552 
4891300156 6332940779 0713961546 4534088791 5103006513 
2193448667 3248275907 9468078798 1942501958 2622320395 
1312520141 0996053126 0696555404 2486705499 8678692302 
1746989009 5478507256 7297879476 9888831093 4874644264 
0071818316 0331655511 5342761556 2240547447 3378049246 
2149521332 5852769884 7336269182 6491743389 8782478927 
8468918828 0546699823 0368993978 3413747587 0258057163 
4941356843 3929396068 1920617733 3179173820 8562436433 
6353598634 9449689078 1064019674 0744365836 6707158692 
4521182997 8938040771 3750129085 8646578905 7714268335 
8276897855 4717687184 4277261205 0926648610 2051535642 
8406323684 8180728794 0717127966 8200607275 5955590404 
0233178749 4473464547 6062818954 1512139162 9184442976 
5106694796 9354016866 0100551960 7768733539 6511614930 
9375709685 5455938151 3789569039 2510149532 6562814701 
1998326992 2000663928 7537471313 5236421589 2651262040 
7288771657 8358405219 6460541054 3544364216 6562244565 
0429990102 5658692727 9142752931 1720827939 3775132610 
6052881235 3734510683 7293989358 0871243869 3859343891 
7571337630 0720319760 8166044646 8393772580 6909237297 
5234867029 1691042636 9262090199 6052041210 2407764819 
0316014085 8635584276 0953708655 8164273995 3493465463 
1450404019 9528537252 0049578052 5465625115 4109252437 
9913262627 1360909940 2902262062 8367521323 0506518393 
4057450112 0993414649 1843332364 6569371725 9144893241 
5900624202 0612885732 9261335968 0872650004 5628284557 
5745965921 2053034131 0111827501 3069615098 3551563200 
4310784601 9065654938 0654252522 9161991819 9596027523 
2770224985 5738824899 8827074659 3635576858 2560518068 
9642853768 5077201222 0347920993 9361792682 0659014216 
5615925306 7379445689 4907085326 3568196831 8617722682 
4991147261 5732035807 6462981162 4401331673 7892788689 
2290325933 4986179702 1994981925 7396176730 7583441709 
8559222170 1718257127 7753449150 8205278430 9046194608 
3521740200 5838672849 7094110232 6695392144 5461066215 
0064106747 4020700918 9911951376 4669044812 6725369153 
7162290791 3854039375 6007783515 3374167747 9421003840 
0230895185 0994548779 0393461222 2086506016 0500351776 
2648316111 5332558770 5073541279 2499098593 7347378708 
1194253055 1214369797 4991495186 0535920403 8302357163 
5272763087 4693219622 1900642608 8618367610 3346002255 
4774778136 4101269190 6569686495 0126883762 9690723396 
1276287223 0411418136 1006026404 4030035996 9889199458 
2739762411 4613744804 0596970625 7676472376 6065541618 
5746905272 2923822827 5186799156 9833907476 7114610302 
2776606020 0612468764 7772881909 6791613354 0198814027 
5799217416 7678799231 6039635694 9285151363 3647219540 
6111717673 8737255572 8522940054 3617851765 0230754469 
3869307873 4991103521 8253292972 6044553210 7978877114 
4989887091 1511237250 6042387537 3484125708 6064069052 
0584521227 5453384800 8205302450 4565176695 1857691320 
0042816758 0549248117 8051983264 6032445792 8297301291 
0531838563 6821206215 5312886685 6495651261 3892261367 
0640939533 3457052698 6959692350 3530942245 4386527867 
7673027540 4027022463 8448355323 9914751363 4410440500 
9233036127 1496081355 4905315390 2100229959 5756583705 
3812619656 8314428605 7956696622 1547216956 2087001372 
7768536960 8407048333 2513279311 2232507148 6302069512 
4539500373 5723346807 0946564830 8920980153 4878705633 
4910923660 5755405086 4111521441 4814346304 3727327104 
5027768661 9531078583 2333485784 0297160925 2153260925 
5893265560 0672124359 4642550659 9677177038 8445396181 
6328796144 6081778927 2171836908 8801267782 0743010642 
2524634807 4543004764 9288555340 9062185153 6543554741 
2547615276 9772667769 7727770583 1580141218 5688011705 
0283652755 4321480348 8004442979 9980621579 0456416195 
7212784508 9284898064 2649742709 0579129069 2178072987 
6947797511 2447305991 4060506299 4689428093 1034216416 
6299356148 2813099887 0745292716 0484336308 1840412646 
9637925843 0941854422 1635908457 6146078558 5624738149 
3142707826 6215185541 6038702068 7698046174 7400808324 
3436653823 5455510944 9498431093 4947599446 7267366535 
2517662706 7721941831 9197719637 8015702169 9336750837 
6005716345 4643671776 7233875886 4340564487 1566964321 
0412825956 4534984138 8412890420 6820470076 1559691684 
3038999348 3667935425 4921032811 3363184722 5923055543 
8305820694 1675629992 0133731754 8912203723 0349072681 
0685344540 3599356182 3576312837 7676406310 1312533521 
2141994611 8693508331 7658785204 7112364331 2267651299 
6417132521 7513553261 8676819423 3879036546 8908001827 
1352835848 8844411176 1234101179 9187092365 0718485785 
6221021104 0097769944 5312179502 2479578069 5065329659 
4038398736 9907240797 6790408267 9400761872 9547835963 
4927939045 7697366164 3405359792 2192858705 7495748169 
6694062334 2726197335 1813662606 3735982575 5524965098 
0726012366 8283605928 3418558480 2695841377 2558970883 
7899429105 4980033111 3884603401 9391661221 8669605849 
1571485733 5682861495 0001909759 1125218800 3964197621 
6355937574 3718011480 5594422987 3041819680 8085647265 
7135476128 3162920044 9880315402 1055305970 7666636274 
9328308916 8809323592 9008178741 1985738317 1926167288 
3491840242 9721290434 9655269427 2640255964 1463525914 
3484006758 6769035038 2320572934 1329815935 3304444649 
6829441367 3234421583 8076169483 1219333119 8190610961 
4295220153 6170298575 1055943264 6146850545 2684975764 
8078080092 2133581137 8197749271 7685450755 3832876887 
4474591593 7311624706 0109124460 9829424841 2875202244 
6259447763 8749491997 8404468292 5736096853 4549843266 
5368628444 8936570411 1817793806 4416165312 2360021491 
8768769467 3984075171 7630751684 9856359201 4868929431 
0594020245 7969622924 5666448819 6757629434 9535326382 
1716133957 5779076637 0764569570 2597388004 3841580589 
4336137106 5518599876 0075492418 7211714889 2952217377 
2114608115 4344982665 4798725800 5667472405 1122007383 
4592715757 2771521858 9946948117 9406444663 9943237004 
4291140747 2181802248 2583773601 7346685300 7449855647 
1542003612 3593397312 9144585915 2288740871 9508708632 
2188372882 6282288463 1843717261 9033057771 4765156414 
3822306791 8473860391 4768310814 1358275755 8536435977 
2165002827 7803713422 8696887873 4979509603 1108899196 
1433866640 6845069742 0787700280 5093672033 8723262963 
7856038653 2164323488 1555755701 8469089074 6478791224 
3637555666 8678067610 5449550172 6079114293 0831285761 
2544819444 4947324481 9093795369 0082063846 3167822506 
4809531810 4065702543 2760438570 3505922818 9198780658 
6541218429 9217273720 9551032422 5107971807 7833042609 
0867942734 2895573555 9252723805 5114404380 0123904168 
7716445180 2264916816 4192740110 6451622431 1017000566 
9112173318 9423400547 9596846698 0429801736 2570406733 
2821299621 5368488140 4102194463 4246462207 4557564396 
0452985313 0714090846 0849965376 7803793201 8991408658 
1466217531 9337665970 1143306086 2500982956 6917638846 
0567629729 3146491149 3704624469 3519840395 3444913514 
1193667933 3019366176 6365255514 9174982307 9870722808 
6085962611 2660504289 2969665356 5251668888 5572112276 
8027727437 0891738963 9772257564 8905334010 3885593112 
5679991516 5890250164 8696142720 7005916056 1661597024 
5198905183 2969278935 5503039346 8121976158 2183980483 
9605625230 9146263844 7386296039 8489243861 8729850777 
5928792722 0685548072 1049781765 3286210187 4767668972 
4884113956 0349480376 7270363169 2100735083 4073865261 
6845074824 9644859742 8134936480 3724261167 0426687083 
1925040997 6153190768 5577032742 1785010006 4419841242 
0739640013 9603601583 8105659284 1368457411 9102736420 
2741637234 8821452410 1347716529 6031284086 5841978795 
1116511529 8278146203 7913985500 6399960326 5912485253 
0849369031 3130100799 9771913622 3086601109 9929142871 
2493885416 1203802041 1340188887 2196934779 0449752745 
4288072803 5093058287 5442075513 4816660927 8793535665 
2125562013 9988249628 4787262144 3236285367 6502591450 
4683776352 8258765213 9156480972 1419296755 4938437558 
2600253168 5363567313 7926247587 8049445944 1834291727 
5698837622 6261846365 4527434976 6241113845 1305481449 
8363117897 8448973207 6719508784 1586188796 9295581973 
3250699951 4026015116 7552975057 5437810242 2389579257 
8656212843 2731202200 7167305740 6928686936 3930186765 
9582513264 9914595026 0917069347 5194089753 5746401683 
0811798846 4524736189 5605647942 6358070562 5632811892 
6966302647 9535951097 1276591362 3318086692 1535788607 
8127599105 3717140220 4506186075 3748663063 5059148391 
6467656723 2057145168 8617079098 4695932236 7249467375 
8309960704 2589220481 5507991327 5208858378 1117685214 
2693347869 2189524062 2657921043 6203488529 2626798401 
3953216458 7911515790 5046057971 0838983371 8640380244 
1751134722 6472547010 7947939969 5355466961 9726763255 
2299146549 3349966323 4185951450 3609803440 9221220671 
2567698723 4279407088 5707047429 3173329188 5238967219 
7135392449 2426178641 1886377909 6281448691 7869468177 
5917171506 6911148002 0759432012 0619696377 9510322708 
9029566085 5622254526 0261046073 6131368869 0092817210 
6819861855 3780982018 4711541636 3032626569 9283424155 
0236009780 4641710852 5537612728 9053350455 0613568414 
3775854429 6779770146 6029438768 7225115363 8011917581 
5402812081 8255606485 4107879335 9892106442 7244898618 
9616294134 1800129513 0683638609 2941000831 3667337215 
3008352696 2357371753 3073865333 8204842190 3081864491 
8409372394 4033405244 9095545580 1640646076 1581010301 
7674884750 1766190869 2946098769 2016912021 8168829104 
0870709560 9514704169 2114702741 3390052253 3408348128 
7035303102 3919699978 5974139085 9360543359 9697075604 
4601342424 5368249609 8772581311 0247327985 6207212657 
2499003468 2938868723 0489556225 3204463602 6398542252 
5841646432 4271611419 8178024825 9556354490 7219226583 
8636626637 5083594431 4877635156 1457107455 2801615967 
7048442714 1944351832 7569840755 2677926411 2617652506 
1596523545 7187956673 1709133193 5876162825 5920783080 
1852068901 5150471334 0386100310 0559148178 5211038475 
4542933389 1884441205 1794396997 0194112695 1195265649 
1959418997 5418393234 6474242907 0271887522 3534393673 
6336632003 0723274703 7407123982 5620246626 5197409019 
9762452056 1985576257 6000870817 3083288344 3818310700 
5451449354 5885422678 5785519153 7229237955 5494333410 
1744201696 0009069641 5612732297 7702212179 5186837635 
9082255128 8164700219 9234886404 3959153018 4640047143 
2118636062 2527011541 1222838027 7853891109 8490201342 
7410141215 5976996543 8877197485 3764311582 2983853312 
3071751132 9619045590 0793806427 6695819014 8426279912 
2179294798 7348901868 4716765038 2732855205 9082984529 
8062592503 5212845192 5927986593 5061329619 4679625237 
3972565584 1578537445 6755899803 2405492186 9628884903 
3256085145 5344391660 2262577755 1291620077 2796852629 
3879375304 5418108072 9285891989 7153817973 4349618723 
2927614747 8501926114 5041327487 3242970583 4084711123 
3374627461 7274626582 4153242710 5932250625 5302314738 
7592517247 8732288149 1455915605 0363345754 2423377916 
0374952502 4930223514 8196138116 2563911415 6103268449 
5807250827 3431765944 0540982697 6526934457 9863479709 
7431244982 7193311386 3873159636 3612186234 9726140955 
6079920628 3169994200 7205481152 5353393946 0768500199 
0988655386 1433495781 6500899616 4907967814 2901148387 
6456821749 1407562376 7618453775 1440314754 1120676016 
0726460556 8592577993 2207033733 3398916369 5043466906 
9482843662 9980037414 5276277165 4762382554 6170883189 
8108688068 4785370553 6480469350 9588180253 6052974079 
3538676511 1950793732 8208314626 8960071075 1755206144 
3378411454 9950136432 4463281933 4638905093 6545714506 
9008644834 4018042836 3390513578 1572739733 3453728426 
3372174065 7757710798 3051755572 1036795976 9018899584 
9413019599 9573017901 2401939086 8135658553 9661941371 
7944876320 7986880037 1607303220 5474235722 6689680188 
2123424391 8859841689 7227765219 4032493227 3147936692 
3400484897 6059037958 0946960417 5427961378 2553781223 
9476461478 3292697654 5162290281 7011004378 4603875654 
4151739433 9600489153 1881757665 0500951697 4024156447 
7129365661 4253949368 8842305174 0012992055 6854289853 
8979426699 5677702708 9146513736 8922061044 1548166215 
6804219838 4767308717 8759027920 9175900695 2734566820 
2651337311 1518000181 4341209626 0165862982 1076663523 
3617740078 3778342370 9152644063 0540718078 4335806107 
2961105550 0204151316 9637304684 9213356837 2654003075 
0982908936 4612047891 1147530370 4989395283 3457824082 
8173864413 2271000296 8311940203 3234564208 2647327623 
3830294639 3789983758 3655455991 9340866235 0909679611 
3400486702 7123176526 6637107787 2511186035 4037554487 
4186935197 3365662177 2359229396 7764632515 6202348757 
0113795712 0962377234 3137021203 1004965152 1119760131 
7641940820 3437348512 8526029133 3491512508 3119802850 
1778557107 2537314913 9215709105 1309650598 8599993156 
0863655477 4035518981 6673353588 0048214665 0997414337 
6118277772 3351910741 2175728415 9258087259 1315074606 
0256349037 7726337391 4461377038 0213183474 4730111303 
2670296917 3350477016 3210661622 7830027269 2833655840 
1179141944 7808748253 3607144032 9625228577 5009808599 
6090409363 1263562132 8162071453 4061042241 1208301000 
8587264252 1122624801 4264751942 6184325853 3867538740 
5474349107 2710049754 2811594660 1713612259 0440158991 
6002298278 0179603519 4080046513 5347526987 7760952783 
9984368086 9089891978 3969353217 9980139135 4425527179 
1022539701 0810632143 0485113782 9149851138 1969143043 
4975001899 8068164441 2123273328 3071928243 6240673319 
6554692677 8511931527 7511344646 8905504248 1133614349 
8460484905 1258345683 2664415284 8971397237 6040328212 
6602535166 9391408204 9947320486 0216277597 9177123475 
1097502403 0789357599 3771509502 1751693555 8270725339 
1189233407 0223832077 5858021371 7477837877 8391015234 
1320984894 2345961369 2340497998 2793041444 6316270721 
4796117456 9757196812 3929191374 0982925805 5619552074 
3424329598 2898980529 2333664154 1925636738 0689494201 
4712413405 2507220406 1794355252 5552250087 4879008656 
8314542835 1677505422 9480327478 3044056438 5815919526 
6675828292 9705226127 6287110401 3480178722 4801789684 
0524079243 6058274246 7443076721 6452703134 5135416764 
9668901274 7868010102 9513386269 8649748212 1186290403 
3769156857 6240699296 3724930972 0162870720 0189835423 
6903641492 7023696193 8547372480 3298550451 1208919287 
9829874467 8641291594 1753167560 2533435310 6267452545 
0711418148 3239880607 2971402347 2552071349 0798398982 
3552687239 5090936566 7878992383 7125789762 4875599044 
3228895388 3773173489 4112275707 1410959790 0479193010 
4674075041 1435381782 4646307959 8955563899 1884773781 
3413470702 4674736211 2048986226 9918885174 5625173251 
9341352038 1158633501 2391305444 1910073628 4475675141 
6105041097 3505852762 0444891909 7890198431 5485280533 
9857778443 1393388399 4310444465 6692445508 8594631408 
1751220331 3906815965 9251054685 8013133838 1521764182 
1043342978 8826119630 4431113887 9625874609 0226130900 
8499754303 9577124323 0616906262 9194039214 3974027089 
4777663702 4881554993 2245882597 9020631257 4369109463 
9325280624 1642476868 4954553249 3801763937 1615636847 
8598237159 0238542126 5840615367 2286071317 0267474013 
1145261063 7653833903 1592194346 9817605358 3803106128 
8785205154 6933639241 0884676320 0956708971 8367490578 
1630851581 3816196688 2222047570 4375906143 3804072585 
3862083565 1769984267 7452319582 4182683698 2701602374 
1493836349 6629351576 8540613973 4274647089 9685618170 
1605511048 8097155485 9118617189 6680259735 4170542398 
5135560018 7203350790 6094642127 1143993196 0465274240 
5088222535 9773481519 1354385712 5325854049 3946010865 
7937980586 2014336607 8825219717 8090258173 7087091646 
0452727977 1535099103 4073642502 0386386718 2205228796 
9445838765 2947951048 6607173902 2932745542 6785669776 
8659399234 1683412227 4663015062 1553205026 5534146099 
5249356050 8549217565 4913483095 8906536175 6938176374 
7364418337 8974229700 7035452066 6317092960 7591989627 
7324230902 5239744386 1014263098 6877339138 8251868431 
6501027964 9114977375 8288891345 0341148865 9486702154 
9210108432 8080783428 0894172980 0898329753 6940644969 
9031253998 6391958160 1468995220 8806622854 0841486427 
4786281975 5466292788 1462160717 1381880180 8405720847 
1586890683 6919393381 8642784545 3795671927 2397972364 
6516675920 1105799566 3962598535 5127635587 6814021340 
9829016296 8734298507 9247184605 6874828331 3812591619 
6247615690 2875901072 7331032991 4062386460 8333378638 
2579263023 9159000355 7609032477 2813388873 3917809696 
6601469615 0317542267 5112599331 5529674213 3363002229 
6490648093 4582008181 0618021002 2766458040 0278213336 
7585730190 1137175467 2763059044 3531313190 3609248909 
7246427928 4555499134 9000518029 5707082919 0525567818 
8991389962 5138662319 3800536113 4622429461 0248954072 
4048571232 5662888893 1722116432 9478161905 5486805494 
3441034090 6807160880 2822795968 6950133643 8142682521 
7047287086 3010137301 1552368614 1690837567 5747637239 
7631857570 3810944339 0564564468 5241830281 4810799837 
6918512127 2019350440 4180460472 1626939445 7883770901 
0597469321 9720558114 0787759897 7207200968 9382249303 
2368305158 6265728111 4637996983 1375179376 2321511125 
2349734305 2406221052 4423435373 2905655163 4066695061 
6589287821 8707756794 1760807129 7378133518 7117931650 
0331555238 2248773065 3444179453 4153952024 2444970341 
0120874072 1881093882 6816751204 2299404948 1794494727 
3289477011 1574139441 2284555218 2842492224 0658752689 
1722727806 0711675404 6973008037 0396187877 9669488255 
5614674384 3925701158 2954666135 8678671897 6612973112 
6720007297 1553613027 5035561678 1776544228 7442114729 
8816148027 0524380681 7653573275 5786025058 4708401320 
8837932816 0087690813 0049249147 3682517035 3822196190 
3901499952 3495387105 9973511434 7829233949 9187936608 
6923013755 9636853237 3806703591 1442432685 6151210940 
4259582639 3016780171 2866923928 3231057658 8517140202 
1119695706 4799814031 5056330451 4156441462 3163763809 
9044028162 5691757648 9142569714 1635984393 1743327023 
7812336938 0430128926 2637538266 7795034169 3343236075 
0024817574 1808750388 4750949394 5489620974 0485442635 
6371649959 4992098088 4294790363 6662975260 0324385635 
2945844728 9445471662 0929749549 6616877414 1208821304 
7702281611 6456044007 2363515811 4972973921 8966737382 
6472047226 4222124201 6560150284 9713063327 9581430251 
6013694825 5670147809 3579088965 7134926158 1613469018 
0696508955 6310121218 4918058479 2272069187 1696316330 
0448580201 0286065785 8591269974 6376617414 6393415956 
9539554203 3146280265 1895116793 8074573315 7598460861 
7370268786 7602943677 7805002446 7339133243 1669880354 
0732323882 8184750105 1641331189 5370364884 2269027047 
8052742490 6034920829 5475505400 3457160184 0725745369 
3814553117 5354210726 5578356154 9987444748 0427323457 
8800618731 4934156604 6352979779 4550753593 0479568720 
9316724536 5472083816 8585560604 3801977030 7642460834 
8987610134 5709394877 0029461757 9206195254 9255757109 
0385251714 8852526567 1045349813 4198033906 4152987634 
3695420256 0802776144 2191431892 1393908834 5431317696 
8510184010 3844472348 9488695209 8194353190 6506555354 
6173358140 4554483788 4752526253 9496658699 9205841765 
2780125341 0338964698 1864243003 4146791380 6190280596 
0785488801 0789705516 9462152287 7309010446 7462497979 
9926271209 5168477956 8482583341 4022664772 1084336243 
7593741610 5367340419 5473896419 7895425335 0363018614 
0095153476 6961476255 6518738232 9246854735 6935802896 
0115367917 8730355315 9378363082 2486151777 7054157757 
6561759358 5120166929 4311113886 3582159667 6188303261 
0416465171 4846979385 4226216871 6140012237 8213779774 
1312689772 6671299202 5922017408 7700769562 8347393220 
1088159356 2862819285 6357189338 4958850603 8531581797 
6067947984 0878360975 9601497334 2057270460 3521790605 
6476032855 6927627349 5182203236 1441125841 8242624771 
2012035776 3888959743 1823282787 1314608053 5335744942 
9762179678 9034568169 8895535185 0447832561 6380709476 
9516990862 4710001974 8809205009 5219436323 7871976487 
0339223811 5403634754 8862684595 6159755193 7654101150 
1406700122 6927474393 8885899438 5973024541 4801061235 
9080362745 8528849356 3251585384 3832424932 5266608758 
8908318700 7091002373 7710657698 5056433928 8543376583 
4259675065 3715005333 5144899082 9388773735 2051459333 
0496265314 1514138612 4437935885 0709446880 4548697535 
8170212908 4907873478 0681436632 3322819415 8273456713 
5644317153 7967818058 1958524648 4008403290 9981943781 
7181773023 1700398973 3050495387 3561162610 2399943325 
9780126893 4326055847 1027876490 1070923443 8846340117 
3555686590 3585244919 3701810416 2620850429 9258697435 
8170981338 9404593447 1937493877 6242324098 5283276226 
6604942385 1297094532 4558625210 3600829286 6497241749 
1914198896 6129558076 7709795947 9530601311 9159011773 
9431042090 4907942444 8868513086 8444937059 0902600612 
0649425744 7103535476 5785924270 8130410618 5462198818 
3009063458 8187038755 8562749115 8737542106 4667951346 
4875867715 4383801852 1348281915 8124625993 3516019893 
5595167968 9328522058 2479942103 4512715877 1633452229 
9541883968 0448835529 7533612868 3722593539 0079201666 
9413390911 6875880398 8828869216 0023732573 6158820716 
3516271332 8105181876 0210485218 0675526648 6739089009 
0719513805 8626735124 3122156916 3790227732 8705410842 
0378415256 8328871804 6987952513 0732663402 7851905941 
7338920358 5403956770 3561132935 4482585628 2876106106 
9822972142 0961993509 3313121711 8789107876 6872044548 
8760894101 7479864713 7882462153 9559333332 7556200943 
9580434537 9197822805 9039595992 7436913793 7786649409 
6404877784 1748336432 6840262829 3240626008 1908081804 
3909145563 5193685606 3045089142 2896452199 8779884934 
7477729132 7972660276 5840166789 0136490508 7411421268 
6196986204 4126965282 9810870454 7986155954 5338021201 
1556469799 7678573892 0186243599 3267776894 5406050821 
8838227909 8336271671 2449002676 1178498264 3770330020 
8184459000 9717235204 3319947082 4209877151 4449751017 
0556430295 4282181967 0009202515 6158441742 0593365814 
8134902693 1115170938 7226002645 8630561325 6057925609 
2733226557 9346280805 6834439213 7368840565 0434307396 
5740610177 7937014142 4615493070 7413608054 4210029560 
0095663588 9778992676 3051771878 1943706761 4982175641 
8659011616 0865408635 3915130392 0131680576 9034172596 
4536923508 0641744656 2351523929 0504094799 5318407486 
2151210561 8338545661 7665260639 3713658802 5216662235 
7613220194 1701372664 9660732520 1077194793 1265282763 
3024138051 6490717456 5964853748 3546691945 2358031530 
1969160480 9946068149 0403781982 9732360930 0871357607 
9862142542 2096419004 3679054790 4993007837 2421581954 
5354183711 2936865843 0553842717 6280352791 2882112930 
8351575656 5999447417 8843838156 5148434229 8587042455 
9243469329 5232821803 5083337262 8379183021 6591836181 
5542171574 4846577842 0134329982 5945668845 5826617197 
9012180849 4803324487 8725818377 4805522268 1510113717 
4536841787 0280274452 4429054745 1823467491 9564188551 
2444213377 8352142386 5979925988 2032870851 0933838682 
9906571994 6149062902 5742768603 8850511032 6385445404 
1918495886 6538545040 5713236296 8106914681 4847869659 
1668618427 5679846004 1868762298 0555629630 4595322792 
3051616721 5919686758 4952363529 8935788507 7460815373 
2145464298 4792310511 6763577494 9462295256 9497660359 
4739624309 9534331040 4994209677 8838270027 1447849406 
9037073249 1064441516 9605325656 0586778757 4174721108 
2743577431 5194060757 9835636291 4332639781 2218946287 
4477981198 0722564671 4664054850 1310096567 8631488009 
0303749338 8753641831 6513498254 6694673316 1181233648 
5439764932 5026179549 3572043054 0218297487 1251107404 
0116114058 9991109306 2492312813 1163405492 6257135672 
1818628932 7861388337 1802853505 6503591952 7414008695 
1092616754 1476792668 0321092374 6708721360 6278332922 
3864136195 9412133927 8036118276 3241060047 4097111104 
8140003623 3427145144 8333464167 5466354699 7314947566 
4342365949 3496845884 5515241507 5637660508 6632827424 
7941360628 7604129064 4913828519 4564026431 5322585862 
4043141838 6695906332 4506300039 2213192647 6259626915 
1090445769 5301444054 6180378575 0303668621 2462278639 
7527466678 7012100339 2984873375 0144756003 2210062235 
8029343774 9550320370 1273846816 3061026570 3008722754 
6296679688 0890587127 6763610662 2572235222 9739206443 
0935243272 2810085997 3095132528 6306011054 9791564479 
1845004618 0467624089 2892568091 2930592960 6423570210 
6152464620 5023248966 5939873249 3396737695 2023991760 
8984745718 4353193664 6529125848 0644801965 2016283879 
5189499336 7592414856 2613699594 5307287254 5324632915 
2911012876 3770605570 6095313775 2775186792 3292134955 
2451330898 6796916512 9073841302 1675732386 3757582008 
0363575728 0027544903 2795307990 0799442541 1087256931 
8801466793 5595834676 4328688769 6661009739 5749967836 
5933978463 4695994895 0610490383 6474095046 9522606385 
8046758073 0699122904 7408987916 6872117147 5276447116 
0440195271 8169508289 7335371485 3092893704 6384420893 
2997711258 5684084660 8339934045 6890267875 1600877546 
1267988015 4658565220 6121095349 0796707365 5397025761 
9943137663 9960606061 1064069593 3082817187 6426043573 
4253617569 4378484849 5250108266 4883951597 0049059838 
0812105221 1110919433 2395113605 1446459834 2107990580 
8209371646 4523127704 0231600721 3854372346 1267260997 
8703856570 9199850759 5634613248 4601884098 5019428768 
7902268734 5565005191 2154654406 3829253851 2763176639 
2205093834 5204300773 0170299403 6261543400 1322763910 
9129883278 6392041230 0445551684 0548898090 8077917463 
6092439334 9126411642 4009388074 6356607262 3366958427 
6458369826 8734815881 9610585718 3576746200 9650526065 
9292635482 9149904576 8307210893 2458570737 0166071739 
8194485028 8426039636 6074603118 4786225831 0565808708 
7030556759 5861341700 7454029656 8763477417 6431051751 
0367328692 4555858208 2372038601 7817394051 7513043799 
4868822320 0443780431 0317092103 4261674998 0000730160 
9481458637 4488778522 2730763304 9538394434 5382770608 
7607635420 9844500830 6247630253 5727810327 8346176697 
0544287155 3153400164 9707665719 5985041748 1990872014 
9087568603 7783591994 7193433527 7294728553 7925787684 
8323011018 5936580071 7291186967 6176550537 7503029303 
3830706448 9128114120 2550615089 6411007623 8245744886 
5518258105 8140345320 1247547232 6908754750 7078577659 
7325428444 5935304499 2070014538 7489482265 5644222369 
6365544194 2254413382 1222547749 7535494624 8276805333 
3698328415 6138692363 4433585538 6847111143 0498248398 
9918031654 5863828935 3799130535 2228334301 3795337295 
4016257623 2280811384 9949187614 4141322933 7671065634 
9252881452 8239506209 0223578766 8465011666 0097382753 
6604054469 4165342223 9052108314 5858470355 2935221992 
8272760574 8212660652 9138553034 5549744551 4703449394 
8686342945 9658431024 1907859236 8022456076 3936784166 
2705185551 7870290407 3557304620 6396924533 0779578224 
5949710420 1880430001 8388142900 8173039450 5073427870 
1312446686 0092778581 8110409115 1172937487 3627887874 
9074652855 6543474888 6831064110 0510230208 7510776891 
8781525622 7352515503 7953244485 7787277617 0019648537 
0355516765 5209119339 3437628662 8461984402 6295252183 
6785223674 7510880978 1507098978 4130862458 8152266096 
3551401874 4958369269 1779904712 0726494905 7372642860 
0521140358 1231076006 6995185361 2486274675 6375896225 
2991164960 6687650826 1734178484 7893372950 5673900787 
8617925351 4406210453 6625064046 3728815698 2323175005 
9626108092 1955211150 8593029556 5496753886 2612972339 
9146283584 7604862762 7027309739 2020014322 4870758233 
7354915246 0856082103 2888297418 3906478869 9232736913 
6004883743 6615223517 0584377055 4521081551 3361262142 
9118156153 0175888257 3594892507 1088792621 2864139244 
3309383797 3338678061 3179523731 5266773820 8580247014 
3352700924 3803266951 7421195076 7088432634 6442749127 
5589077468 6358216216 6042741315 1702124585 8605623363 
1493164646 9139465624 9747174195 8354218607 7487110573 
3845843368 9939645913 7406033821 5935224359 4751626239 
1886853078 2282176398 3237306180 2042465604 7752794310 
4796189724 2995330297 9249748168 4052893791 0449470045 
9086499187 2727345413 5081019838 8186467360 9392571930 
5119686456 0185578245 0218231065 8894379865 2243205067 
7379966196 9554724405 8592241795 3006820451 7953700434 
7245176289 3566770508 4902131077 3662575169 7335527462 
3029430312 0359626095 3423574397 2496592110 1065781782 
6108745318 8748031874 3082357369 9195156340 9571627009 
9244492974 9105489851 5196586647 4014822510 6335367949 
7371425102 2934188258 5117371994 4991150975 8374613010 
5505064197 7215319293 5487537119 1630262030 3285886585 
2848019350 9225875775 5974252765 8401172134 2323648084 
0271433563 6754204637 5182552524 9443296570 4386138786 
5901965738 8028684018 9408767281 6714137033 6617326501 
2057865391 5780703088 7142615190 7500149257 6112927675 
1930967284 5397116021 3606303090 5422439663 2067432358 
2797889332 3244057791 9927848463 3339777737 6559018705 
7480682867 8347965624 1461028995 0848739969 2970750432 
7530299728 7229732793 4442988646 4127253481 6060377970 
7298299173 0292963086 9580199631 2413304939 3504933254 
1235507105 4461182591 1411164545 3471032988 1047844067 
7801380771 3146540009 9386306481 2666143308 5820681139 
5838319169 5455582594 2689576984 1428893743 4670841079 
4631893253 9106963955 7807060212 4597489829 3564613560 
7889834724 1997947856 4362042094 6134123876 1319886535 
2358312996 8622689486 0840845665 5606876954 5012744866 
3140505473 5351746873 0098063227 8046891224 6821460806 
7276277084 0240226615 5485024008 9528916571 1761743902 
0337584877 8429112896 2324705919 1874691042 0058483261 
4067733375 1027195653 9946971625 1724831223 0633919328 
7079838007 4848572651 6123434933 2733566644 7335855643 
0235280883 9243482787 6088616494 3289399166 3992104883 
0784777704 8045728491 4563033532 6507002958 8906265915 
4985094079 7276756712 9795010098 2294762289 6189159144 
1520032283 8787734851 3097908101 9129267227 1037788980 
5396415636 2364169154 9857684083 9846886168 4375407065 
1210390625 0612810766 3799047908 8796747780 6973847317 
0475253442 1563903872 0123880632 3688037017 9493089549 
0077633152 3063548374 2568166533 6160664198 0030188287 
1237674818 9833024683 6371488309 2592833759 0227894258 
8060087286 0388591688 4973069394 8020511221 7663591382 
5152427867 0094406942 3551202015 6837777885 1824670025 
6517085092 4962374772 6813694284 3500629388 1442998790 
5301056217 3754591826 7997321773 5029368928 0652100253 
9626880749 8092643458 0116557158 8670044350 3976505323 
4782873273 6884086354 0002740676 7838219635 2222653929 
0939807367 3913640828 9872201777 6747168118 1958561337 
2158311905 4682936083 2369761134 5028175783 0202934845 
9829250008 9568263027 1263295866 2921476531 4223335179 
3093387951 3570953463 7718368409 2444422096 3193312956 
2030557551 7340067973 7406141621 0792363342 3805646850 
0920371671 5264255637 1853889571 4164197723 8742261059 
6667396997 1731681694 1543509528 3193556417 7056686222 
1521799115 1355639707 1433128936 5755384464 8326201206 
4243380169 5586269856 1022460646 0693307938 4785881436 
7407000599 7697036490 1927332882 6135329363 1124036506 
9865216063 8987250267 2380874033 9674439783 0258296894 
2568967418 6433613497 9475245526 2914265228 4241924308 
3388103580 0537870239 9954217211 3686550275 3413622116 
9314069466 9513186928 1025747959 8560514500 5021715913 
3177516099 5786555198 1886193211 2821107094 4228724044 
2481153406 0558959583 5581523201 2184605820 5635926993 
0347885113 2068626627 5887714460 3599665610 8430725696 
5005630644 8918759946 6596772847 1715395736 1210818084 
1547273142 6617489331 3417463266 2354222072 6001460127 
0120693463 9520564445 5432916629 8666078308 9068118790 
0908152950 6362678207 5614388815 7813511346 9536630387 
8412092346 9428687308 3932043233 3872775496 8052103028 
2154432472 3388845215 3437272501 2858974769 1460808314 
4041258681 8154004918 7772287869 8018534545 3700652665 
5649170915 4295227567 0922221747 4112062720 6566229898 
0603289167 2068743654 9482461086 9736722554 7404812889 
2424718543 2360575341 1672850757 5520571311 5669795458 
4887398742 2281358879 8584078313 5060548290 5514827852 
9489112190 5383195624 2287194847 5940785939 8047901094 
1940706717 6443903273 0712135887 3850499936 3883820550 
1683402777 4960702768 4488028191 2220636888 6368110435 
6952930065 2195528261 5269912716 3727738841 8993287130 
5634646882 2739828876 3198645709 8363089177 8648708667 
6185485680 0476725526 7541474285 1028145807 4031529921 
9781455775 6843681110 1853174981 6701642664 7884090262 
6828244482 5802753209 4549915104 5185177165 4631180490 
4567985713 2575281179 1365627815 8111288816 5622858760 
3087597496 3849435275 6766121689 5926148503 0785362045 
2745077529 5063101248 0341804584 0594329260 7985443562 
0093708091 8215239203 7179067812 1992280496 0697382387 
4331262673 0306795943 9609549571 8957721791 5597300588 
6936468455 7667609245 0906088202 2122357192 5453671519 
1834872587 4239194108 9044411595 9932760044 5065562064 
6116465566 5487594247 3692523369 5599303035 5095817626 
1762318495 6190649483 9673002037 7638743693 4399982943 
0209147073 6189479326 9276244518 6560239559 0537051289 
7816345542 3320114975 9948962784 2432748378 8032701418 
6769526211 8097500640 5149755889 6502930048 6760520801 
0491537885 4139094245 3169171998 7628941277 2211294645 
6829486028 1493181560 2496778879 4981377721 6229359437 
8110044480 6079767242 9276249510 7841534464 2915084276 
4520002042 7694706980 4177583220 9097020291 6573472515 
8290463091 0359037842 9775726517 2087724474 0952267166 
3060054697 1638794317 1196873484 6887381866 5675127929 
8575016363 4113146275 3049901913 5646823804 3299706957 
7015078933 7728658035 7127909137 6742080565 5493624646 
