4126002437 9684543777 3390264725 1281941632 0076848736 
2517640659 6754069362 1758879307 8559164787 7727473927 
2002910342 9495624476 6130820072 9250734529 1707642266 
2104767303 7863169954 2374551174 5652202278 3324096803 
5246676631 9086101120 6745856287 3174135111 6229207886 
5132941244 8154716281 8207987716 8346341322 3622341177 
8823102765 9825109358 8923591620 5510876329 8087993165 
1725289380 0123781743 4896832151 5905624933 4737020683 
2232100118 6373957705 6747386710 2173212375 2243252416 
2635803437 6253606808 6691635715 9455152781 7803921774 
3228234366 3377281118 6390511893 0759016666 5074295275 
8384008544 6354193171 9053136365 9724905158 4091065822 
0181473479 9022359067 1381469051 1605192230 1269482316 
1134174399 4471483304 0862484269 1395023367 1341242512 
3864026657 2581309439 6762193965 5407386524 2298978797 
8219863791 8299709557 9247473203 0323911641 0445906907 
9778623155 1834959303 5305923789 8175158914 5765040802 
5109479123 4217584828 4188195013 8546165680 3017550355 
8005494489 4884871351 6053755934 0234574897 9516602442 
3383214060 3009593710 5588457052 5157042662 8460035440 
2823678768 5509826781 6176552037 5795655481 6778960389 
2749835560 8791541177 7494235734 0076416109 3294003899 
9821992672 5708695732 6068774974 2248020233 0752518765 
0255968420 7606932299 8858757989 8896460744 3817881700 
8154889522 6516722834 0452772191 0699141576 4639485231 
1267947308 6580319507 6455197675 6289574288 8179681209 
0026387145 2578583152 7761510908 8631740243 6956805678 
7301523542 7804793414 2664952238 3370711751 1265375503 
9423720987 8466804913 9473446530 7140796225 9728713050 
3077258714 8755705025 8257346686 6613802351 4260561161 
9740554343 6548698005 4448792959 7028759035 2258409782 
6835986664 4658604569 4241390729 0952662499 3290297344 
0568160683 8057266260 5727708840 7073471496 0600645614 
5407073443 2782514087 4742755067 2230484535 7006092214 
3900029929 8160821171 7047917614 5051910081 3267037521 
4930740567 8533111060 5835291278 1007391749 9491978451 
1291591368 1107394055 1752080196 3053935074 0248509553 
7725003670 5466516233 0430425087 4423242624 0463211507 
8997336929 9854070416 5626104197 6700202415 0948924118 
5609240963 7604429612 0023645907 0644977062 7207919019 
2359648070 4892363697 9860198283 0872842285 6475235316 
2882791324 2955248144 4750552190 9672046080 6895451817 
1220493032 1853740627 2474215197 4030576904 3602686360 
7807920047 7623242955 1829473522 0272443763 3902772139 
2087767065 7162416397 5178585925 4426923428 5352743288 
5633685078 9651962072 5194165560 6187037055 0218462845 
4342578503 8300009537 4518292958 4404649188 3868579348 
3961151297 1605816657 4509670367 7495836666 6931218817 
6367964494 3617130416 0372430506 5848513174 9264055855 
1940180051 8090847521 1868224616 9761492432 3831948643 
4415908558 0110730703 1120150224 3416073157 9295287529 
3683582039 7003389112 1141706852 1936658978 9459503154 
3895890153 0382714300 1929589074 1499435928 9408309707 
7078362875 9144840370 4503861896 6975811201 8523192318 
6865996803 8583812370 3291562075 7883594878 0941688205 
5316051281 9015264759 2807574958 1545642213 4145937816 
7056992868 2998956119 8235383715 7880480478 7045841753 
9466549769 0173220310 8900703033 6291176730 8448450372 
1456696444 0146954517 3857434157 8101586187 8383927855 
2609399130 5702555755 5906094705 1498093487 7733200727 
9757303824 5989466809 6808222213 4848587382 2999281794 
0908256652 0958165547 2475244566 7436975944 7468637633 
2428904269 7761067919 3391098330 0422310293 7282987989 
0320939109 2682836306 1736101738 7812367989 8645149311 
7024371282 8588263048 6298884492 2074156406 0714705913 
7405524665 7569718702 1735528724 5439427714 8091793644 
3765063786 1861324348 6357974112 5852086345 9927803688 
7924983543 6329845768 7650165065 1153450086 9572123950 
7544785683 1736315571 5352704652 4235259737 5134088254 
6160966144 0746675514 2268360319 5980107215 2463551069 
1718713357 3168548563 1280857834 4356236709 5965094994 
6968820661 1851180860 3420282133 1801249410 9915026014 
3545001743 2730793625 1130702982 5049941799 4284451146 
4793291545 9955590958 7807621636 6685917910 6543596606 
5253525320 2736507259 8912125568 6842802077 2464877220 
1099663182 9559552903 3933122843 6486447597 3560859840 
7609472983 8954243393 2623153239 9189818522 6418083129 
6333546356 8748288634 6561850481 0632288805 5967378445 
6200094146 5603499280 8794051153 1005758712 9552571964 
1115068503 4077371060 4380371259 5755969859 4936205847 
7512026354 9473475347 4818926225 4190352671 6144292848 
9985753674 0692165271 6300860606 5437373682 3556588626 
4863436891 5321809557 2204456777 1373683104 5807558452 
9612832832 6063196297 2852796667 4362974800 8213186279 
2186904428 4342630735 7607039996 6943078950 8147269730 
2538173756 9492275179 5354326156 9120405948 3286094999 
2366412287 8812264191 4850485632 8072066418 5570595203 
7503032291 6894489427 5783060909 1085241060 1400683274 
2055839697 7382315073 4996108758 7637042555 6496408685 
5071942256 3449667324 3065625925 0474581762 7332818160 
1701969816 6542426378 7636014530 3594653845 0325476674 
9997373408 3566513818 6025156520 2836373891 7101654541 
4882674448 0091057041 8616262683 7971120886 1413572796 
1109908829 2970229692 1281809787 9895139150 4270936786 
4449831964 2013456683 3908775943 0064424856 2301212461 
4511697921 9396344095 0808322928 1294270436 5991464827 
4998437594 2113020418 2973084171 7881309037 9558545603 
2471708191 9530277146 5794555475 5447542844 3440813938 
8908609776 0178573893 0751866190 6505018077 1650018407 
4432585402 4184360501 1182429907 0232341724 3674525365 
3495947990 6333454075 4371812699 3998337192 1848541873 
5979845348 9345922685 1506818266 2490078029 3350126588 
2497422624 1885352526 6367028276 6249934982 9488748331 
0617642084 2901692305 2899608978 6041300651 0902817980 
5040587107 6711790411 3021748279 6682353001 9602202531 
8557678984 3317586806 3783599687 9160153892 2220236575 
7655815866 1140919939 4861599209 1599175533 4178303334 
7643131635 0127053906 9707932656 7812415906 4342847213 
6023521823 6741214733 1244999443 3415591527 4315931687 
4778825331 5509277033 6202901222 5977948098 5539220006 
4527162280 8553982789 0658423344 7552821276 5176505726 
6326769114 1075034845 8718969964 3487577513 8479148183 
6351006214 6681858509 6348887081 4569767220 2016799119 
9462417776 6889079171 3686594596 0726468538 8107787830 
0216136827 6697026223 4594187374 7673353799 8884403427 
0468030425 5169412715 8739320398 4443746045 4781611305 
6625176412 7598211819 3966110185 0562880555 9425660600 
3231211618 0994622129 3010024709 1334715068 2268430458 
6803009042 4286168202 5562140946 0879000651 9109949557 
0815816505 8289833407 3946608445 7565780636 6902728434 
6201858732 8252924796 5052866814 0850353851 9837523637 
4519256227 9549029055 7907030283 9501048548 3592983454 
2814487304 3580470533 1508151050 3001521428 1171753936 
4913316617 2621235405 5278633080 0208317705 5630294963 
5942016543 3309409417 7196326234 1193871051 6157010179 
8053551679 3708602913 6675698609 7124120368 5838129576 
9530779814 1365700174 7613569669 8614606849 1439699573 
8376316958 2460251334 2108072621 7136019430 1808720988 
8551415024 1638183259 7525959316 5531865833 1171268579 
4152720661 2218422661 4118251546 5748487831 2610347834 
5467492583 0872998544 7421206445 0952332450 5087743149 
6166555251 7971680209 9172002640 9374921907 5699368963 
3028139164 7208963581 7717355558 4859270652 4504862516 
4195405508 0134351032 3389813378 3024977018 2275490638 
1499964723 3340796130 4146973947 6372650869 2733471084 
1568560843 0921316240 4346298639 2084166005 5904598506 
4912435052 6476606760 0344441618 1864036700 8377411410 
1094320588 9555986586 7007786367 1896944089 6223213740 
3411359719 9133135946 5536854466 9236765258 9012108413 
7774324821 9181274784 7892287264 8929700323 7187345615 
7981599834 8391004126 0105074696 4599430331 9788106349 
1392381249 0503061433 4079183280 0406390709 8672596197 
0983112659 6014747372 5330526853 7177421465 5400587392 
4623727617 3649051987 1336806772 3952570781 3606866832 
6139501432 9509474851 5947246675 2720168431 6586608807 
5127685847 5554118438 1169011622 0055521134 8448896066 
8259227431 3190079630 1158708467 0117654935 3930465633 
5622531124 4727796669 0058311906 1610197266 3073970542 
5314398184 5737944948 6780134618 2178759390 7699960202 
9083965677 2878469057 3640156401 5047696448 9939475414 
7460833991 8696889271 1569423454 9265124664 5507792554 
0281050376 2203596753 0558601856 4920560628 7909076945 
3339208808 8494778288 9485112215 4743230191 3832455629 
9388102061 4490266876 0102077532 1091568497 7830740859 
6498579671 5261701003 9475494539 9176987913 2354655010 
6407355816 9994097562 4814996744 3278429202 7626441897 
9391815839 4562708173 3015821602 2551965989 8769376164 
0198612074 6675504886 1110855726 7645070526 2244613022 
2335852072 2736204850 5728923881 5884938754 5352291863 
9971438088 4061757286 2209501225 0651586310 4258884134 
3554319737 2985621775 3072022629 4755524830 4444534043 
4888878581 1703413453 4252235431 9407877972 8467601815 
8322709774 5180929342 1931898158 1248283265 8950040704 
8552060998 9378390034 1914163044 6391638805 4965878650 
1375046341 6956551566 1829887863 0705842306 9676602540 
5302481147 1007899784 2118304890 1046405689 6539702885 
5955309255 5863605215 8957375114 0895649058 4415677493 
7105859648 0143158746 1449125054 9253191164 6538215851 
9737009328 0194530320 5726284526 5804604633 7816631429 
9330766466 4653076059 0548962888 7241897160 6022588261 
7577539922 0551315093 7720062486 3085562820 4935757527 
2499556708 9221634233 9836025653 2873102919 4007041176 
9192208500 1511673567 0101958971 0017970195 7812089291 
0969417754 3699043682 0256302405 4822625401 9056965077 
1058157424 0721496339 5603652702 8333440730 5750073674 
5622605846 4988611510 1689612181 1190584717 1446106871 
9761017456 5873737967 4069713742 3238753839 0303172002 
0020720592 8488785123 9117464716 7374373792 3283881966 
2016876221 9134623389 3762599527 0256721386 2211245898 
0212130501 4072889043 0032253550 4095866818 7241393699 
3819306914 8744717186 6461831119 4260316166 4070377316 
4870018647 9960024304 4003242241 8094022785 3330901150 
9880870678 2688353172 0076752255 3138008818 7804316901 
9007280483 1799287414 1254761230 8960683309 5828377667 
6882875786 8868309297 6001011974 5338983319 5258861963 
0132917094 3858166153 7417179449 6319177154 3125069598 
5348128568 4619377669 8942774591 7091880252 0012749905 
5594072896 9659479333 1672243621 5678967769 6670803522 
9039018485 7308062756 7086765862 7104769409 2035655930 
2535274341 8965927002 2270492331 8682999156 0936413757 
0049885373 0459639615 2734629396 9749517480 6269645179 
3018719986 7885375814 1597579931 4806608557 2325683743 
0528276417 5670050288 0404894298 9958094810 3534833934 
1449278859 2526219241 5547231997 1433850866 3732092663 
2728243514 9336407045 8968385234 5624744361 1752567669 
8776759722 3439206357 5074715529 1810276261 4012992480 
4228839902 9787992541 8517499129 6302839907 2963558857 
9890593317 7959087690 7390564602 5623533567 2215522594 
6883829845 2882922966 2751371624 2217295467 8670715840 
9241840841 4755758253 9385240963 3020513497 0474069539 
9567897981 7278609204 6228683973 5779815111 8681526598 
8460694975 8965481314 6511503926 2637774951 3761557248 
1951161198 7725034456 4710738513 4359273555 3871246237 
5598193813 2142384415 8192907004 6389771683 8872079163 
6174143249 7079109658 1627464297 1707287172 5142745898 
3568970955 3462682016 9085356108 9448984071 0058192030 
2176945120 7717745887 9551951047 3384184739 9807963067 
6788584516 7575729904 3069715426 4238349800 9870869933 
6709121083 9445350624 5922432312 3482785496 6037465718 
8014892937 9451478705 4060792457 5900601219 6221239287 
2001721558 8666345734 9714095337 2115165598 5757941724 
4198890261 6701610161 1557834315 0254603287 8119842402 
7484608510 7224066767 7876085524 7617773833 0895026100 
6438835055 0205456324 3461678594 5194179566 9874968515 
2448838475 1361818066 7108316165 5642093692 7052061189 
8517292617 1417144346 5550870630 6063551012 9494003097 
5916779915 8426049197 1209543227 0267843265 4296572403 
2720887143 2199964531 3202587109 6771651285 4966996255 
2698607311 7637182074 9882739977 0601991362 0930832307 
3683820645 5732563765 9829125781 3149222422 0427971241 
4416299512 6594563979 2759380383 8047826231 6042432539 
9132851123 0322470375 6194232173 3047854078 5762440132 
9171799297 9240783390 7157579814 2681686465 5382946847 
3992058886 3165593491 9867896962 8404473449 6802407709 
2831376408 1033522552 4271740410 7673565424 4410044833 
4744010172 6441052954 7872963458 9864050120 3608024451 
1903509949 7449397361 7181575277 0937802092 3666813584 
1636268319 2634067141 8279742134 2546220705 4156000509 
5967404561 6840451771 7479527903 5325493258 9120483385 
7465900967 8173041600 0521088934 6107687540 0424197780 
3082885181 2001733695 5912713771 4195011361 3044097532 
7919050489 1583246399 1434835316 4868154857 9178632935 
1239255525 1021118278 8573696060 2769313014 6966143344 
9642302114 3824837056 3353279385 8895267672 0766889712 
7443581563 2088106650 1495681435 5879657690 9857765902 
7687074536 5927636497 5553449617 3080781609 8710324801 
3795136170 3677634575 9497568620 8013996374 5517624251 
4778062872 2265971455 4829067692 9571364357 2152674468 
9878894188 2075129222 5756509143 5528288746 1419509786 
2427527881 5715664007 6372103780 3194043095 8442725492 
6998716923 4331890022 1415031139 9876526068 8761566740 
2101972017 1960239086 1082974927 6395695411 5303227546 
0173870795 6259935797 8530244347 6716399591 4623179312 
3998998692 8437975702 4923695515 8729768385 4005227651 
4956144471 0597196288 9888157109 4151717015 1811474351 
3643854005 1162462021 3117480079 1983749700 1004713634 
3252328157 8911355450 4533719052 7506822915 6185003328 
4695679262 2620819044 2473340362 5038927920 7158596003 
9363153368 8427243753 6679969864 7934741133 1983286194 
4146065392 2784099903 1438403545 6504705678 9552024827 
1760118743 3564369024 3503085631 3095590552 5039049273 
1613311734 9225846446 0902453507 9190184411 2993216997 
7045183285 3586480428 5568222087 3721361649 0586303256 
3689130841 0376021567 9927020005 3223554398 0465311933 
9775459044 0450785680 2139846500 9693429547 3102692499 
4758646605 8091669984 1606846460 8729394380 8274308285 
8174796941 7287299031 1013192675 5738979840 9136425347 
9694943480 3777033646 3495847686 2982590103 4707278612 
1862300198 6607987782 6842459338 3563891957 0206853521 
6032116352 3006498874 4600200170 4130569853 6515466875 
2023859375 1832803728 5114327481 1699683692 8492204473 
8057063349 6618711240 9478359158 6962685864 3589141359 
8542535776 8877493274 3634514754 4886408688 1803036965 
2431755688 3002058607 7325695971 6086485415 8344684324 
8996307701 1371344675 1569302448 8548207712 4133557732 
3069494580 6726784523 5943631507 8727281579 0157307003 
3178796854 4362795257 1902362327 4614262868 7327380094 
9774112285 6237663214 9046532940 7202619753 9071740422 
2595392428 8816455979 6570030957 1413891069 3684503626 
8231053986 7437532400 5270153474 5893325679 5149418545 
3780882706 3457295962 1690853835 3537038141 8115573816 
3782090325 6151986974 5357646412 1254980760 0515614170 
7298046994 8135934831 5056811664 2793219335 2798227147 
1576734018 6088721518 7996693502 5270075755 6099719882 
8630642854 4812827513 9280694702 7501481632 8972731434 
7348528529 5046048832 7167397898 1563678804 7804436021 
0900732072 7369749344 6304997314 4257156043 3133690387 
6181009488 7312071348 2710815889 8574832658 5420751007 
7953118326 8617080370 7093592761 4936782530 8583404823 
5100363216 6378957426 2025503501 1686154340 7379504516 
4828967556 9835893552 2020173679 5480757819 0950269798 
1271148703 4311903631 1224612829 5303820512 8704309294 
7197459469 0821025634 7889954317 7152437969 6211281224 
5034260663 9926885213 3079196370 2777804488 5792057304 
6990800923 4401866381 1325209712 3096476059 9899479257 
5985100817 3039606822 2199753273 0160658262 8527582576 
6950785472 6034938298 1335825281 7867060851 2656002268 
8717811253 5978293373 4779141273 6284188656 1759208328 
7944741096 9703879854 7369840254 5806329483 5022359393 
5435874802 2398976091 6296250110 4739311694 4910066690 
7230634693 1301697118 2063253526 9244043840 0937242844 
2820970936 4856909468 9200873717 5325255703 0543539828 
7278123011 3980809386 7015474885 8034456318 7131960267 
8548793893 3162050076 7526411204 4390237583 3427242986 
9965478636 8534102848 8573702547 2550236566 3418680919 
0383886707 8790720840 3619402164 6701215348 3797815183 
2826472578 6288152071 0108149955 8980338118 9615694417 
5676134071 7046538512 1709021237 7788433364 9651872119 
9054075818 7739439752 8364143953 0442459139 0317881300 
4188791887 1145531482 6746998705 5587931040 2403888840 
8385068734 1625071657 2741851349 5208496367 0955542450 
4394839480 4597915622 8282483787 9341527203 6226336956 
1805556371 0768148888 9361927574 2659935823 5594315308 
8793305276 7558747512 3650658439 6947560429 7192002319 
8680243517 1993786810 0361102312 5683642560 7959741057 
4153628297 1800464977 4857371837 8639037039 0153973749 
1165468549 9716453941 6112164176 1071714540 1765190565 
0525206622 7788312904 5719693205 9902413753 9598386198 
2603205495 8395016755 5250964413 7118222561 4960140030 
2303540789 9209698677 5078672000 3807426797 0530307167 
9322960156 4862280851 8403352350 1706085895 1291222324 
6117830253 1636289439 4607365277 1336511631 6464461990 
9902122492 2412315168 9927678558 6373631552 6002503488 
4878132330 0191018939 9616702731 4169996265 1194574263 
6761965002 4347371727 2902846220 9798394871 0659822700 
0995491887 7696188505 4326532118 0221944428 2228425152 
5561411874 3401804194 6141394514 7128725275 9239125596 
4437356833 9728963312 6767823491 0356332961 2947191015 
1571431157 9549093390 3261411918 6547523762 4721531102 
0793691158 4874220582 2747343201 7355850771 2243796985 
7965491580 6279502740 9771688611 4807616315 1618553068 
5669245717 1769220443 6684331273 9893379411 1629722451 
6999854685 6221570241 7594711769 9529165502 1168550010 
8985761934 6394559088 2627077531 1465775223 8846343519 
3765397349 8480245497 6076024403 0808448901 0683878697 
2612370978 3578245166 8011714859 8367940552 9046198262 
1656691720 2742628548 2393396001 8254599409 2543081696 
9103297841 1234022885 6001905493 4275022318 5294712829 
6096939768 1373419770 4278121300 1473286776 0571940596 
9979275512 4617184349 5698564171 2872481183 4654206423 
1871455182 4152867630 5675131162 6771773506 1751124546 
3387994265 2912701057 8995671805 7214365579 1835069177 
7930704075 7329043974 9499582241 0623810514 9176502385 
0418273009 6620171750 9405908054 0895728375 5406355152 
2199658207 5735131570 7592361539 8639459211 1558640009 
8809755261 0538382568 9927215847 8504174606 5161511337 
8833609760 1211484870 0556016581 2492470682 5684427204 
5472896309 4203066504 4529864622 3594226008 5549915891 
4995360649 8428034579 4927570094 9795945060 2378775019 
4706246323 9495495782 3082283066 8408188025 2107663907 
4230973720 9162853371 7680621644 6935432317 9178553058 
3317142084 7988630340 8465726426 9395570026 8576057539 
3478885870 9460058272 3230519108 1175142349 1268733658 
5960799891 7329289158 9600181509 1816337400 8060354752 
0005151175 1029012299 2487096154 5928026206 0761698272 
1810291673 1554892942 3740851967 4330791660 7849905578 
2101935713 6624359908 8361385980 8516156417 4769460547 
8554008195 3530670803 0896976304 5294686823 3210532878 
2374389441 1568517627 1711636309 4014799096 4945635459 
2950130739 0036268210 0732637008 2356150691 2696431833 
5171625439 0304698989 3142615442 6359511363 4660573786 
5495124457 4752621678 9547036289 0483048499 6804037722 
5134319373 7344123661 8586944588 0640185840 7314763379 
2940386340 4359194198 7235526301 5654608051 8686760680 
4316084512 8459160424 4132698791 2538560299 1599672787 
6619519505 3176488313 4693257366 8946443825 5813910848 
6209663742 6745798313 0122234387 2583124422 0330945714 
5754147047 9293875858 2389977385 1521352372 3895596643 
1223564326 2628601147 4890868171 5928106687 2708400820 
3377186921 5352352692 6347226809 0825989889 8400262081 
5217828261 1229313118 2086600709 9686036540 9818326807 
5582477670 6950410997 5861436243 5521619453 5302920025 
4667367996 4850433731 3349520821 0751199258 9266389956 
4756985870 7901856123 7915788643 7446903787 1509500112 
5502100388 4531192365 2965599461 9004748466 2064234794 
2329670060 5290037091 7557818870 8193522146 8714272352 
7763255989 8086948721 1138459800 1412384216 3827824412 
7365424467 4883338167 9716201128 8619141540 1936712909 
4789902646 6644315609 8372961501 9686242282 5067230616 
6720943546 5714251493 0864248877 8598682759 5887490650 
7726025095 1829536765 1811823686 1694472436 0783764294 
7624692263 1949892196 4644068316 9287661615 0605081384 
6319415116 2025779078 6307180123 1159458603 8965625265 
5422334623 4454507394 7886902681 5949751311 6885143694 
5210216883 1904461686 2976332522 9863851818 8500492869 
3572764766 8238555646 3655449640 0631764828 5575785866 
6102285515 6485990882 0958689444 3625469867 9523822686 
1159699100 5636608292 6791533753 8160661122 4786953132 
6158531871 7638859893 7792918890 2998793879 8100036973 
0784895927 0625410484 8593158543 2339568310 4239029907 
0263443797 8756918554 3408976440 7601308444 8197862650 
7947644083 0134942435 8342818859 1525929347 1436317533 
7495897010 7287350127 0788980481 6350456766 6769320755 
3051840432 4461007403 2167647183 6083708475 0651269307 
0766084982 5299000317 8503058536 8213951273 5038638246 
0564251033 7775580986 4643398017 1862081426 6307417259 
2226000511 0913426810 7467012901 4301654101 0649332122 
8379082751 5001003530 0156545975 0832377296 5439697382 
0477416265 7106574082 1649960626 2274961879 5334790706 
5988974871 7795643340 6484174564 5747906925 1701494998 
1009535341 3548908754 8363275795 2240720698 6291024671 
7035792514 4176670388 6609906985 7262605812 4082533622 
5218992000 4189757457 6531512300 0064445715 9317017716 
8863548333 3051921582 0559461173 5771632113 2233931965 
3203861990 0511617817 1334001070 5766526899 1970816920 
2219464704 3237953564 1186606392 0558609034 4570641517 
9778214505 4722278852 9872101978 5884607004 7420028468 
8737958442 2894997433 3656271877 9917211379 1616449254 
1329715652 8795295326 3975953853 5920950138 6333805075 
6136953089 9547584883 0242619627 5898594151 3780515805 
0257675404 0178579585 2448831172 1050892770 8922727343 
1973823884 6873071682 3024878868 8585510108 0735227814 
0537140652 0758107270 8481672639 7709873145 5162646911 
4232861030 3693298433 0300323676 1627142640 6758780673 
1883971515 0027981633 7477907877 5038307986 7594045910 
7392103458 7404219617 0349258081 8990720596 1291586420 
2028857340 0911495523 8865107911 3714953346 3976398818 
3948804530 0750747403 7228093682 0535430494 9519483328 
3347007516 1979008687 2854399629 8157560589 1637624723 
0691628711 1113767608 6480323752 4596649304 1175394613 
6464337804 6711650555 0467067183 6221285795 0480671656 
3042762671 1429999113 4876984470 5037063790 0181096888 
6297217579 5173243380 2780617470 4963020424 9291661917 
1886243355 5992820932 4391944571 1886321556 3201616542 
4705537593 8696624656 3341215410 1403228699 0930159132 
8858088312 4124288287 6373872742 8380385907 1029274863 
3351503090 4453280525 9779565892 0554562434 2979827941 
3489175638 2400771612 1733247364 2854016061 0044337641 
4572207859 2171559140 1037832020 1321338330 9638077890 
4095723810 5588293927 9637438166 0686835195 0592770195 
1536160172 2158904287 8567848206 8291944169 8718192862 
7308270444 1630396254 7130532843 8833791337 4768735826 
1221162583 6027289616 2455904189 6770247453 8275839665 
2299371235 1630489833 0124214174 5578859159 4256059792 
4277218199 0855627984 8605617453 6844789237 9690797559 
4555154646 8531630244 6232567403 4895845462 2567448582 
0204245739 1994253094 2642245042 0268903815 0152683602 
4125598075 9752364816 2809304891 2746151196 2315461140 
0822056396 7806585354 0766868822 7542650381 2259991620 
7601708955 6747446524 2344520176 6165032594 5665912966 
7863246213 7991922296 1458671422 4824928806 4768032108 
6477994100 4100600339 0679275237 3625460277 4296007347 
8803835668 7522003482 4576949084 5686269605 7715701919 
1748922606 3520812973 8797443835 4832861369 3956245039 
2976805783 2234021716 7655591776 6840375723 4844094617 
6293128849 2689936871 3898388222 7106027903 7990019045 
5833600797 3927741092 6655739233 1470259092 3389065438 
8422351324 1153880185 5923495613 9930223919 6450504503 
6935292701 1566305153 3519186418 6482344249 9919272027 
2953459599 0630487236 0804159576 0029668121 1168317236 
6038110542 8035914457 2024825645 6105714055 4624208213 
4352094810 8417158289 5724450720 6354681600 2305120140 
8480543587 4252617101 7681853883 5575587174 1542477544 
9772221419 2613155252 6910917556 3331932322 2432185254 
2218272914 9159810583 6897025035 2281300214 1192486014 
2480680797 5369964777 1939490680 4683552808 3473276103 
0604940973 3091690316 7830979346 3661183278 4531868716 
4626807388 3365670456 6010423768 5058013950 7443647963 
9222841126 9794513477 3004924987 8649656367 9490992913 
2712528977 6519181754 2796280608 4932375520 8153611132 
4033971316 5504391887 9601983821 3858500077 3242461778 
8491875814 5964264233 7889793330 8194881600 4011312652 
5635693244 6593984006 3689031525 4722923991 4144743770 
6963389357 6192603918 9247936317 8008310261 1419548543 
6051577871 6004955788 6565797066 5885510428 8246636305 
7207778902 2667770425 1268157197 9533225107 6389036819 
7628440286 1025880539 2339329474 6720240885 4127649238 
6447602161 1626208242 1299166036 2299184923 7822363009 
8347811952 2913821847 3263422857 5912097980 5478285250 
5918379833 6801787411 2426447460 0225624149 8069140074 
0979721023 2785395756 1512834580 6165411117 9267104279 
9057939449 7134946328 9504565128 6884784187 1758020504 
5832838748 5313736911 3510255062 0102775345 8094391050 
0102183397 3245650472 8894768792 9892594501 9875076712 
2363791875 8647201214 9660611512 8048709648 8630562284 
4083936944 3872169212 0849200851 5583812510 7074195518 
7208093746 9424597311 7281172105 1928903896 3703942357 
7686212766 8210931827 6366498404 2124938144 0979598631 
1422543648 3965499983 4790843070 2176438555 4351257436 
8282281530 3222238083 4767951113 5570148063 1820045322 
0723794891 8635721491 0624252699 3994671015 3668462341 
0515333814 2684770627 5852035240 9920797208 6991453730 
1095516415 0331762820 0196916411 5460268207 2366925527 
5141842996 9920539853 4330730680 5737238050 4167197221 
1273740507 8927266340 6388506867 3445856077 3266648384 
5780277189 1147580132 3105519878 4133652185 1907146068 
1389868867 1031475982 6461129379 5439526672 8672759948 
3359025974 4587868768 4964626834 8443441413 5917714587 
7660880778 4535718393 2937193739 3236408356 3375766884 
6821111799 3505541020 8556188490 1020160050 5639541687 
4510822060 3555410817 6664605241 2496622442 2804545243 
2160320360 1946413560 9792001959 0240497929 2367329892 
4553990101 9801121402 9086869992 0575891777 1880741461 
2220502472 8585715367 5307478143 8973057178 7268366360 
1576136100 7722863196 3885264623 5125538077 3194595635 
6796538236 2499926551 8043307963 5962110674 5528521429 
0262949826 5675533527 3100468788 6573104724 6649332656 
7927331345 1229550591 8623293739 3326086077 4513507753 
0901574443 8294873397 7960532284 9358301361 8379586264 
8032129736 8474817516 4769136621 1036036950 9106666505 
1717115082 7820093278 8358722598 3940463068 3763181180 
8904423626 2199881236 8268078579 5262197216 6872017455 
1747262781 8032683058 5488039709 7704793483 1035439855 
9078435527 7667603313 9884605271 5031388563 3246768892 
7104595851 9328951391 6782385773 5772658100 4798256393 
5519352005 5204080028 7059678249 7393747886 0528356493 
5914978380 3779649600 0521244583 4779001756 0424658666 
5199807702 8839438516 3809550430 4921960324 4360903400 
8517466042 9627430976 8387151945 9826447359 4023424821 
1044757291 1177795877 3134155360 9527595708 9861258677 
1456252399 4500759380 2060935502 4892008476 7332293085 
7422225502 0645569023 9126543663 5785242724 2905605320 
5754030821 0145123820 9021746697 5797653475 1725014658 
3747884808 0537735150 4222240429 5760361375 4324861996 
5589193922 0504699982 1062931609 6756517907 5132296077 
7857553310 2658584257 6086686764 5355209277 4827556754 
5177169950 8789411805 9363052499 4496701237 5980065534 
9987396663 9539441701 7059698101 5127193331 1840767923 
2718539539 8097640485 2784674387 2316432910 0290654953 
0861283330 2664007580 1296184992 0702200255 5972156957 
5883761687 8436434679 2755863573 9722535648 8413306011 
9289574642 8093578580 8113233143 3115287482 1797660397 
1257952890 0364071989 2332813161 1640416937 7366280132 
5973822223 7426818917 6489596422 7033803905 9295964969 
6482133114 4731667650 4197678110 8490966469 4257170694 
5700787126 4014486522 4284694889 7617256746 5352205061 
6210730010 1926248314 6821203551 6995015220 0731638400 
4132030333 2423121670 8268546893 1758436630 4307843507 
8592810447 8492663952 6523987186 4417338008 5681692321 
3474297545 8326940216 1253332837 9009606486 2778549412 
6679513674 0458774169 4559614076 2656625029 9006922672 
6787603658 7137932796 0418488393 9339346926 3543415480 
9518362332 3317522937 0352102914 6413312752 0371171667 
5487206347 3892329378 5107290295 1446292741 5467619479 
4274716691 6030497829 2889614745 8702649979 7079206387 
2408250230 0642554499 5904011974 1085351678 4440901880 
6462937483 5443961440 0353523310 3040411784 5722890295 
8180581032 1237438258 9870274737 0401068377 7715925126 
4535706508 3009214792 5834989247 5127453622 0061058545 
7599736931 3529707814 3742841340 5519544467 2148941505 
7452839171 6037154530 8252555834 3202512542 4166244575 
2456296445 7910769717 1521470951 8505500355 0543906316 
8825810578 5074635656 2047914667 6805569843 8455202770 
9969719889 8072337148 6956356703 1776877637 8974327349 
2829343905 1455670607 4460797047 6931646278 1214171381 
8274378561 4621970880 8702106421 1057377851 4713588373 
7738824076 5280451914 2713748811 0559744718 3100939375 
1976598021 0024101251 1230813682 6033847449 1087716132 
2857660263 9388492849 5989823656 5727204263 5720263748 
2564949491 2629141917 1306462805 9566982549 3603261320 
1925280434 6170439028 9260279931 4043613702 6582012131 
2851488158 5731117821 0413103357 2888718172 9526271120 
0081475064 0268304641 8988769747 8791731737 0381399918 
8824241699 4212152776 0451859567 1190941807 3734793310 
9970928315 5468165639 5271010461 1376254066 4495861838 
5463898220 8996778329 5501114314 9959368039 8222303713 
6329574232 1735744647 3421097414 9174364199 4731958840 
0526387269 5923183642 3254918455 9550453437 7846709470 
4509594201 2021142208 6419127904 9359945213 7392487110 
7432314951 1380429379 3655436372 1726348190 7571135312 
7093079527 2952211247 9531498969 9080894665 7476955651 
2436056114 2008663990 5609900038 0302506124 2360775032 
9341347289 0501316772 8097131626 8349596340 9292243031 
1950848788 6710353352 0023712730 2029165929 7525265703 
9210421496 3495238570 8560572343 4621576956 9851340683 
0454833154 5907536471 1469968242 0910232143 1171769227 
7385347704 1779407644 1001301048 5960927072 1132052318 
5382227444 8702433271 0398781147 9127546080 8361156877 
9215131131 0450083663 6310075175 1102590028 0864277150 
2096271366 2397401075 2884454683 3161821150 2789264307 
2976355761 0551124620 3324800531 0599511150 5431484829 
5534329598 3057427245 1737886527 1930007323 2173623758 
7327314890 9109455374 0270481185 5571990516 8393874535 
2067970859 2118964078 5489504109 4056996598 8715988633 
6207795504 5219321563 3612468530 3174705443 9402941829 
2635524015 5452316098 6825531389 7018801539 7045962501 
6917966481 2501555932 3114826730 0563383579 7260328601 
7784741496 0045697257 8349562058 7328730124 5145557634 
5230298648 1495441009 0788352980 1207012654 1095251846 
0666201767 4204525736 7994690771 9084537874 8206080290 
4825167017 6619820730 6183312392 1935356900 4070521549 
8939034465 9388090475 0772416954 3651858075 0664904594 
4318886297 8723571603 0224813522 0460109063 5214508280 
6397492755 1284769435 4996203399 1644887919 7437902095 
7188863200 2475020791 0237907307 2963746326 3366745942 
7556378453 5691367345 5240148971 2590948036 8566282321 
0050039400 7310663207 5257283147 1151926332 8928520696 
7239347175 0982952602 1254947643 3019535743 8350925828 
3111339115 3906337661 7373077236 3027988986 9985799450 
1659237690 6754883798 8929400605 1628261400 4815046948 
2814033083 9164342486 5093963545 8909132805 9511163345 
5036563482 4519150583 1794980831 8272813479 5050772717 
3359496633 7188214919 2837871164 6390356692 5779942457 
3943554730 4493555939 6848032790 2086141968 1508260648 
1092468854 3383329866 3907454780 5263629161 5627988031 
8782827074 5163032786 3907566533 6219750632 2424864576 
9459753596 6732006038 9826293000 0761251494 7980089567 
1245256955 9827585485 7690124636 8659494224 2277271771 
5184964175 1071598416 3572072412 2437196806 7203927064 
7894278942 1712842641 3342711831 8479441334 6064724314 
1150155098 5511712414 6682433123 5206284065 7226926069 
0474791964 4729752832 2749569819 6327787281 6259540120 
2053807329 5825004974 4593080978 2409529912 9654233184 
9879880077 1681631986 0865120883 1586725650 6594414061 
8446837496 3189291374 5993421603 4848228831 5828973094 
2161473689 2558516992 7155311558 8887600721 7034102445 
8744020844 3428273004 6730979555 5666811501 3003388895 
8380231464 3138290026 0076322850 3475830780 8788951803 
1398102076 2788985174 3534782251 2084675949 7430024437 
8958428956 8075266320 3627696299 4601808349 4199491270 
6559130840 0058626563 9963911040 6851041282 0071532462 
5642637145 6355757694 5284927112 6355771963 2506589654 
5536482125 4592633552 5729259528 1499341587 8776515692 
2311915102 3373440716 9916564763 9820008969 8462984399 
7759385398 1121332181 0328198969 9457926176 4935829748 
3733877523 5285946403 5138238230 6269453634 5810031936 
7250206982 8073843334 1175283157 3143426398 9641634712 
7053034775 6991558003 1181591809 1137880268 8385475769 
7292339888 2860323029 9770430666 2886955301 2102727057 
6339598976 8941024996 8479498168 4201199256 1348075644 
0406559462 3837087236 8881254894 9148794873 4808614168 
1055211400 1845517008 4444842948 4755073273 6642827222 
0633658240 1745498808 2913018839 1401568090 5000084954 
6573730003 2747797209 9175074617 8595157995 3202237285 
2359204007 4251522563 8616675620 3188398117 6186119602 
2162847431 9079702503 6745928280 4678178536 6473935600 
3540382782 8184576694 7823374571 1382212193 2616729501 
0427069409 5202650280 5228985909 3500239449 0874562620 
5345221731 1940957783 0195360518 5038549614 0621825306 
1820365182 7337062111 9893902448 8975386358 1809944918 
1578487833 6528865436 5422483020 2789241704 9689651104 
1727594750 1781226785 8143917486 4942435730 0909171264 
8771605959 2097445811 4629554223 1002200851 2052258976 
4778114827 0394267766 6427827462 5939511743 8071986187 
2226558650 4030028469 1469278646 8003183603 4638172640 
5702707422 6203429718 7555809938 6871240465 6223338914 
6465830554 3013155095 2851097263 0050805188 2652726853 
3537293733 8569182693 7171677303 1611864749 4810424215 
1279159101 4606569795 3331337740 9593674932 6441463702 
4275245393 3503013099 2833648540 7069840343 9912124524 
9275580299 7988240920 6644640425 8596620088 8741916498 
7730275403 7292042158 1093781471 3136226288 6666945474 
2124495528 4909149219 3371936234 0294337125 5755699886 
5296623645 0353519202 6777637942 4820828605 6893623152 
1523178850 1452131321 4914698685 4835944706 8658501098 
1314205892 6764161151 6210940535 6780736810 0897342458 
7293270521 0853572676 3805642288 4092966588 4477795279 
5467107351 9329547471 3015079220 8403282322 0442894467 
8218396547 1109021173 4072513972 4757357008 5553127432 
1999675125 9582568063 2358808838 8436620326 2266191414 
9347404364 9800024739 8332092411 8386674296 0926946070 
1418388178 1107142824 3965779638 8439864782 3137154249 
8947258304 1145149526 8724236189 9676305881 6820846327 
4374412103 9055276521 8710735564 5257133601 1455804558 
5684558650 4328599176 7651961932 7114349866 5407774514 
5004730727 1171479571 2227572018 1288644644 0777517460 
3282423173 3853376529 8981044232 2404677246 3204795179 
8097157602 5800885768 9751340594 8054826877 2884776293 
8464549604 0270370508 5394190927 6993706680 4551719416 
0403763511 8018551365 7545109524 7034602260 0207417428 
2384948178 2254906365 9920847490 3758320574 4677959106 
7556606407 7500934712 9817005818 7694080279 9269046059 
4987211763 4151914882 2518670439 5573100179 3710004665 
7292180372 8487979715 6922788883 9704198254 5657064289 
0898582795 8625659901 3759687500 7856985342 0944399597 
1523667673 5599115570 9006141301 8853956006 9330508261 
1578831597 9018829128 7776539696 4067539208 0848582290 
4755619051 8637549059 4176472080 9084852392 9966365377 
7468709856 8014236137 0763704674 2361802921 8679592476 
9777652926 2929041798 3927505343 2943384476 5333985012 
2828362798 5150263745 4279667177 1484197573 3906572871 
5430543215 7523544932 0534653754 2382048448 5088463459 
0853386677 2925385204 4498441313 6863751894 1176848626 
1360368193 7363513393 2540806852 2692147430 7329134467 
6252932264 0845330844 9386471515 6181394136 3435036481 
7794755097 6339255988 2786903696 3238633034 2579445292 
2923775203 2874489020 0405326681 3935475285 5017464531 
7172145995 0814556136 4692526650 2271153373 8181759785 
5795041988 0754858113 3628915490 0903908060 7754157573 
6137375598 8018757307 5362487370 0129122382 6113438103 
9234372313 5368988915 3374949378 6324984941 7642814170 
4528408296 9399172432 3286772564 1504837657 7311449335 
2155385230 0178110827 6163630370 9020525950 3779092534 
1104705700 4656525197 7925679331 4108866326 4059262317 
8893126031 5285758716 4242119033 3798725775 8742901290 
3759362697 2723431489 3572572418 8379418627 6864566775 
8686920276 0143980501 6387143520 4776738809 0057892836 
3381779738 8457344100 1499664332 3582225792 5351711059 
4856078918 2401521998 2852269465 0958763149 2471279520 
1644676474 0270468954 5435103069 8261799914 0223407285 
4891546806 8420957432 0750662115 4487626644 6757986364 
4388023258 6360886918 7594422715 2142965066 4161384963 
8150279721 7307126592 0578266002 7847181400 3420926569 
3070309044 5702459646 7576490185 2781393148 1315092036 
4104984596 9060225314 4748229457 0702527043 6304061114 
4551422276 6936650125 4252372074 3940182775 2508941432 
9152151705 9974545931 2594682121 4351062276 3303318504 
3394889512 7672063729 1512493681 9357031910 4693572905 
2762887687 8250048505 4800597323 0753265227 7925524199 
1315961791 1522069419 6854791873 4156699781 0967025629 
9399320816 4507174173 4905643398 6521998663 9055709352 
1198524390 6798615021 4486239284 3873982018 7602285471 
2303949459 6615725875 0965032007 1247665759 3813721248 
0113415355 0616754720 3695791055 9746106711 2541711745 
3695430147 1914199373 1972279716 9021161357 2625243116 
4722893666 4414262124 3854981362 3694963571 2821160368 
5441607108 2317751078 0129830425 3814190892 2492085953 
6461082139 5648113205 3160737077 7207605599 3498150342 
4064077512 3315121589 9924629749 7845474385 7855952270 
8926710247 9199199645 0430401660 0562176296 2340149282 
1816115205 0464381405 1201017632 7979026932 7122270125 
9270816304 5794086959 3885030885 8577776769 8805771202 
7746185837 2818585997 0177211160 3710982739 3241471979 
3766386484 3160008415 7927253061 1640850151 5001652030 
0200142743 3763904187 8862263527 4702258984 8494690776 
9474761327 6391052599 4056603823 8237163694 3555470658 
1748273071 8247418272 6362724046 2399440284 4447364245 
8644475104 6902997652 6749734435 6985708539 0578191599 
5859960967 5061283091 0194748865 6507512613 9713632927 
6415834913 0420830095 0851100414 0745574437 8492789857 
6072610576 9741819633 6967907551 8838322017 3443764398 
0536829626 8732851893 9530815972 1384099875 3657746635 
4932531139 3625597895 4300091191 4267407538 5925496901 
5797341918 3710401699 9179009456 7835962857 3224471479 
0732045696 4719786315 4908628412 3332517481 2784828809 
8487610221 0097427834 7516462790 5539385196 6889569651 
0876062872 9574590889 2017023867 2074010602 4538941519 
5473932814 2466223126 8923626502 7205640264 3021776903 
1895555206 1127114631 4671703891 5773390065 4528692327 
2080811157 8757374991 0353244466 9361653517 5221246886 
6080593973 8054689486 7556025887 0687103081 1898922024 
2174952934 5821953530 0991561355 3607315909 5673469906 
9924874268 0019538217 5246210534 9862701061 3215907572 
6024080430 0827868356 2931983842 7105219835 4727511764 
2330279958 9268727305 3118355805 6875276124 0919742444 
7633568095 6874844410 4546702835 2365141527 6562700804 
3630974774 5376780982 0873498038 4982599248 8106702977 
5494953522 8299516546 5598506874 2831762852 0857196139 
3797828505 7790149962 3213922046 2341524168 2380388944 
6624267373 0018965433 7647650363 4125182850 9512088864 
8562947143 9877956655 9280749164 8962562185 9267154146 
9217676839 6054500821 6421626056 1064231444 3579823069 
1965780470 5747148460 0729681823 7228797756 0496089158 
1786867293 6323790241 5792047283 6469702103 1397518009 
7841598550 0070553649 3875321257 4961674875 8725832599 
2595761507 4339186228 4379883013 4604454088 0817809685 
4911945411 9347026896 5059919860 4109976532 1119658106 
2966550051 1618365170 6202928808 7760914984 6167316442 
6864197089 2306484630 5675457388 7202476016 5257760852 
9377210933 5844538710 7402729259 1915246267 6235381797 
8693064215 3401316337 0113573563 5111098141 8211296622 
1073672626 9615672674 8307752488 7444841676 6573702400 
4850839370 2558385910 1226694835 8068391545 4791660164 
5691486305 2393597793 2446725588 6717416048 5503871149 
0317607553 7321944728 3058221915 5807880752 4536969327 
4460174736 0524205864 6968697577 0612186776 1972058749 
1045165142 7154954238 5392023252 6975123495 4654630906 
1329460056 6507283098 7280338737 3515537522 3563183570 
2537006494 0926380803 1737463485 4036114660 0048468762 
4231089472 3791650074 5179705248 6284672766 3375517303 
6873683856 4403704980 6617909200 8317107882 1049818331 
5526148505 3735407503 5108223939 2474456301 0969204227 
8844737169 6889509111 8573692689 0336659718 5225377703 
2962201670 8106551812 6758009408 5251506847 7579219138 
9321380928 6961195312 2090503801 8107658748 8368317882 
7814252786 2618796676 0682197703 9093260067 2961512755 
7125278643 7069898354 4440961391 7379035454 8518040397 
3331374805 2358791095 5583040481 5348045391 8785403824 
3236907304 3102740626 4177776265 7301034703 3840211296 
6908481804 6162496487 3947345844 1215530258 1522214994 
5822249941 9419547256 4103175021 1442280865 2302802213 
4240931939 3272767819 5990608112 5986239673 3945898961 
9071679777 7802595116 3147757626 4028588262 5148158216 
4399441350 6196081175 8904619511 5853908261 3354960388 
0323713522 2451696811 8059751218 9590028591 7973908665 
2449528040 7827130270 0453774372 6785553250 4850397463 
7573946460 9840856589 3018482234 1614986583 1503466082 
1862236058 0194811455 4903515474 2662660612 9502687840 
9754779814 0726823956 9314724876 0982803450 8118938340 
4096153431 4863011248 6764653154 7875845494 6522227531 
8773560890 8350438370 8112088244 1759938586 4663093970 
4811725300 4020305813 4090447450 5115637705 4103501416 
6861912485 2526949334 8297851018 1114723298 7404539612 
7540222219 0958440508 7230662326 8888497042 2345670001 
1949751859 7964940991 4897138536 2279458874 0760990432 
8542281277 3058183040 2494510870 6336986946 8674008948 
1097539710 0908494768 3041071152 9550638887 6524905456 
5999426077 3886347394 5525114489 7203610479 3757254472 
3966023547 7481274941 6069835101 3147640236 4194914610 
5980556375 7044651556 6712365256 8282701574 4528476022 
0781753972 3371640969 8626492055 7668761564 4577446446 
6492547734 6729725557 0538828590 7892317597 0676863982 
4966294555 6019387315 2710362720 1242931201 7642522464 
4803181954 4683337639 9461313836 1445704160 8883422253 
7155878358 0701611560 2717754142 4723331527 8135669400 
9898004445 8238998420 0640748958 9238923892 7522891473 
2945531240 4247755208 3805237951 0123938435 8587754549 
9900127206 8286659998 5790984293 0384600732 9623842629 
0797218233 3727476694 6401526920 4881430422 7394388383 
8698807236 5034008809 5245127260 0136152570 4157749789 
5464274592 8669621641 5427519072 0789657656 7620470876 
2910259298 8877128340 5806131718 2068879509 6273552308 
0228036658 8530930270 4619400614 4644918627 8566424494 
2081621020 3832761116 9622442138 6397311571 3011899185 
3169915158 1650258342 8128487414 9275360507 3550149275 
1649655689 4986881445 7828072415 4009011617 6936589862 
8113745927 9032257848 9093397688 1608670857 0029953457 
2157942098 0997220532 1457514271 5411220939 8869874562 
8011653320 7925455196 9851910384 2815726835 1201092367 
9952429068 6799545683 0838859301 3667218521 1353641724 
4228370492 0603648154 4497177998 8618739061 9701265066 
8437064042 5124459951 9090062260 8217984541 5139874086 
1561892465 9308440274 7014710167 2547160166 8601739769 
1997662011 1199893015 5354062817 7813282386 7987398831 
8548093651 4175269040 5027399232 6953229393 1036045698 
4252059471 0877602232 1016774679 2793562530 7683377220 
6929809952 1332754934 1076406829 3696256538 0979829922 
1502007619 0656713323 3307191753 1109537696 7431445827 
0474521918 5656561730 5618532166 0425946455 3856168837 
5993453276 7382788781 2223153728 1113417355 4517073553 
2082760440 7745254423 0785453748 1125966546 3557459604 
3270368542 1573869622 4447960925 9367500830 9891400068 
5383635881 7787486427 1068825787 8740799283 4182519771 
4084223048 9497915517 9876782746 8475408492 8993864763 
4983917539 2445932931 2913808073 8765005052 2006666627 
2734384454 0498968011 8343255349 9976250119 2176787558 
0980672332 4167826178 2570891163 0179808819 5583791075 
4011805096 2160109308 0422570180 5492976467 8411538769 
1430708824 7531217231 3794037236 5928771043 4554469626 
6599992623 3933298641 1371001268 0408116027 6969402287 
1365072981 0644525201 6551733860 4686504062 1292457892 
7147227426 7638614268 2367640851 6411947662 6514371013 
9385568064 2700778296 5968048607 7517949221 2156291738 
6716354649 8898538357 5153249743 1583541399 1322136505 
1551384109 0309027554 3323644120 2253007704 2821114714 
1918147570 9618331378 2294342072 5434103155 5828186693 
2838668366 0726916383 6967793201 0214202904 6813370491 
5343805924 6547114970 8354012272 4100650394 9742164188 
6692274473 6899506252 8945027771 8989469132 9634675858 
7926423521 1633546474 6864260548 5613157784 0361143149 
0269544275 0564803847 8887943295 6556048443 3918406020 
2704514682 7824231514 0650702210 4851959207 2312004933 
7176738352 3709308856 5264344841 9467734538 2413296885 
4306302477 8255435028 1959571754 3326873583 1728279337 
7410102634 7172525800 0551089980 8792042744 7783853642 
7497206543 0922479605 7214003306 6159793981 5697061366 
0983964055 2028766999 1722547240 2063960609 6429945427 
0591546000 7353673154 9880773908 3001581335 1603573011 
1114109280 1541228066 6670587855 5092703338 5009831156 
7628516164 9242550929 2830390877 0988934946 0723490286 
5856020542 2067037156 8046350038 2605276371 0823986597 
9318483093 6764165636 0790706605 2334341113 7793121612 
0205880951 4614377394 7683538839 5047212945 2834986548 
0864837885 0194676769 4562326701 9987133184 5545348373 
6084512767 1800567875 4235887195 1058956527 9780453783 
4484650468 1469516775 3813695184 5103083239 0374965716 
2143307963 8601544816 1449552393 5111212189 4430238269 
5405786011 6467373664 7956520658 7250815927 5305713134 
3835699200 4899961804 3254950205 2195550206 1792779930 
5642458366 5872167535 1928175033 4499239183 3256236162 
6502081490 3557861244 0518344040 3815991358 2717384337 
3404529744 9996405991 8656664153 5612424308 0016261793 
3750921429 6580882832 2195705784 3171697946 2845513309 
6838246000 3698996180 5929879506 6037607124 3272559753 
6508820386 3609588090 4003800176 0475078669 7443325877 
2321543832 5998399864 3950114495 4150770097 2822653695 
8394380850 9128411041 6290966370 1274249881 7616344101 
6674234005 0683616764 8232710388 9422394820 2530869672 
2292524340 7506026512 9885763587 8137500851 0056886874 
3282747187 3232428984 7733542581 5041625895 5023854489 
0684967676 4892829707 2811584351 1676077617 2604891355 
8510981478 9508429849 8360559365 9371053202 0599790443 
6973534016 6287645320 6371886938 2189780157 3219076299 
8103612568 3876483872 6985360129 4481607317 6186580668 
0596837338 9411982650 0873262426 6960024090 8832076226 
1178399915 7440210584 2789845063 0360141993 3928362455 
4027683509 9897204218 5962090201 6210156519 2235842119 
4882020912 3783927557 1856055416 5620545534 7196978661 
2350583489 6282128608 2084034973 1199881077 2590454586 
3376610850 5095823850 3075128425 9642859749 4715967542 
5924034955 8609796434 0196646672 1757237237 0707851846 
4663837067 1702995416 9832988691 2472818768 0273812549 
6293898760 7223408465 7095098943 2016548760 4793394679 
4685134373 2630392230 9331790687 3031699418 0074048000 
6872513659 7857958599 4780199496 5234272868 8988717813 
5161715505 7783915871 3864040578 9565918232 1370814005 
8713808836 5230471671 2718220060 1860881125 7260339862 
4035420675 2127690892 1081552260 3293004441 0189063723 
6591957119 5303028824 8586847825 6488300525 1812608103 
5421351812 2471584004 6275105924 4487058370 9540835318 
9752152361 0342040845 0764137674 2347300588 2203432316 
0474633043 5062814232 1082948724 0902594764 4118910322 
3374049794 7408578277 6220482618 2195142821 7981124372 
6766258468 9519510699 8673740227 3230026026 1505970642 
1527460232 6999497006 1582359282 8222978328 6840199729 
0365378168 1600288411 7306733244 9662838403 2435365041 
3975362055 0910521974 9095799860 5957269413 8402426755 
5967486377 4293085831 4066480318 4453153290 8153215494 
3458288044 2937355680 0527667018 0009478873 3588609136 
4949458385 2689279136 5594342881 7418645559 4102961792 
9958126080 9706454746 5090234261 8403450108 1240335390 
0061073469 4120978386 7162772161 3708361451 5110500772 
0117042140 5751029551 1491370255 4533502068 1411652447 
6917845869 4354034118 7913507194 7286833389 6624761011 
8301700497 2618956118 3989816053 9092008911 7277245282 
7329958680 8380107378 1314001876 0672501269 2645464509 
7673374700 2367678201 3523567324 2624788804 8234362900 
9996330109 7657305710 7450862132 1877968280 7434398964 
8355242714 4875730583 0321802494 5210923199 1204178629 
8321106456 1898234504 9505439716 1803039568 5126538014 
9225169487 8479554724 1863827862 7582327821 2993978207 
4286755471 0924982182 4468614795 8081408355 0046687559 
6261579061 7175902192 7186972378 4547241129 8557573179 
3747953518 2955842991 3369281405 8848042157 1538074685 
3113023354 9462721418 4400563239 7445875377 2751807146 
6016570650 3537500007 8000547610 0367863699 1113239858 
6213221822 4624643435 0103632239 8596701728 9928425234 
1131543432 6293039073 5953429144 1393387428 2187214841 
8613127907 1626858266 8472059546 6403565113 3279272928 
3670421533 3378156489 7878724347 2316577108 1189058811 
5922053413 4477675212 9774635506 5511098018 1145470892 
1701244106 3492394924 2422673834 9439407865 4658363868 
5970026019 9154168385 5861557896 7012722002 3220031686 
1954197028 9247574216 6676680152 4808240221 1115619098 
2909528829 3422784064 9039533967 2008649956 9654470752 
1184613434 0977857777 3642631658 6916987627 4954188683 
1332475145 3159002335 4409517149 1408135927 3191146192 
0067757921 5856331076 1254707093 3961164415 0880072729 
3945636849 2532718589 1551688147 2096011415 4056640038 
9210281186 4854595041 1900558007 9283947161 9967600301 
8770007299 1661348781 0389918979 9277933082 6033333833 
4057919338 6012599266 3543506471 0091260634 6252385743 
4635268474 9297906578 0017287665 9682562194 6854107798 
7421844550 4710482511 3899365427 9944593202 4438989851 
3442567266 9327861329 5048517020 4267041681 0423988787 
7662828350 1931254549 5101087037 6696381206 0312761799 
6218893187 7783052045 0194812047 4270520457 3212548733 
9039302866 8085392898 5514539518 3070167737 2533915679 
2769039073 3624859034 3351476117 8705177976 6471010750 
2450768161 6557253954 8200948091 1058631732 9891753118 
4160364021 9503463573 2195947558 6008320829 2675123788 
4955166725 0649220720 6097412031 2931357435 3745218554 
5498302580 4156517986 2278016468 9374817239 7133811236 
9536373581 1057393910 5369179739 2934319775 1880325243 
5258608082 7553740999 7210154008 0046979927 9434223454 
4768970758 0313149065 4997645727 1996996280 3326920908 
9155838176 0321398926 4488023769 1008274209 0668080043 
7399250454 1223684971 9409774670 4673167378 8785204941 
6564473707 1325437283 1395409623 1813376473 8488941218 
2775687605 8275472115 3484064111 9286609198 0614228229 
5524907588 5258711407 2134140163 5238119989 1274778913 
1397574682 8093424728 2311021898 4300702443 9996429064 
4450844788 0276686539 4635783597 8633014357 4307385522 
4801180578 5516300305 9480351702 3052917619 3766804489 
7455190062 2981417402 2546879385 9809142285 8374494142 
9466840567 8447862996 8730373668 6339751013 9100798455 
8831971893 9840420585 1783126255 6099075164 2566660914 
4857660683 6793744806 5297240370 9933396292 8343483326 
6104136871 3447259629 4417153661 6832569298 7460751934 
9004367548 7124501251 7388228959 4264322061 7183770595 
1665664903 8896234159 0342836592 4676238921 5431621094 
7396500986 9257089507 5041141578 1971894579 9485168292 
3997676852 6059094084 7692555560 3209473017 9889261822 
9473834688 6884787742 1474782112 4629005048 7616242097 
5722951786 0733959886 9641860539 9569127426 1105379964 
8648272882 1472986544 7937270511 4310364153 9950430249 
2489038987 1904738048 1217370572 5663713465 1471541312 
2205631956 9952971074 4845423257 8540931960 7037480624 
3288730574 0374143132 3821583556 2671427568 7557551361 
8201917633 0108628379 7258551156 7417230504 7190608736 
1627708326 2964429580 4827975636 3082376436 1615455540 
6169800458 1964467066 7810243347 8459880692 4847727489 
5298262045 1694370037 1120191295 3531129197 1380175955 
7797453217 9706899810 7869799671 1614064725 8355731385 
2803781447 9461864582 1634745203 9855897512 3171364079 
7468385145 5920414500 5217721229 1446699278 6476520100 
3653978899 7094195677 9542290004 1438454871 4348852855 
6517630802 9925167644 4247682186 4906215121 9172342568 
6851600605 8597808966 2366883201 2839653122 7030746548 
1821199948 2253881430 0401681144 5036211672 0244462048 
2829677761 6016563789 7576349795 5487255108 0910578133 
9420347277 4484748769 8984192182 8085630416 4926029917 
6230362632 2504418296 2965215438 5628760703 7421868140 
0473863094 5015910913 2542103032 5613511075 7558287347 
8656260809 3256450743 4633723342 2408558581 6338537153 
0694587826 9202052395 0672724753 6900139801 1496431659 
4582971648 6863220484 1795219642 4498327948 8063134646 
2010891393 2870531345 5615037887 6921145927 2685051467 
7135599589 0632238650 7647782826 9016803601 3061708569 
8288633635 3398216641 1661335548 0403703821 0034458380 
8150558303 4017971208 2249390950 3856609585 5713953746 
3476283240 4217519342 6566863925 5917743378 3255482070 
3861056330 1262376287 6981734728 2242509461 5318907021 
5082050421 8103977489 4076572149 9083247852 8545951002 
4679597393 0841106272 5225415696 4938923682 7358143460 
7727598033 4626431259 8278889441 8184917380 2687044960 
3886707186 4770831564 7875891178 0354308201 3186565820 
3435407342 2928347455 7696514986 8391503976 1412613360 
7894809975 5916482490 6255168553 6794824740 5098464960 
8568188917 2036998737 5796439800 1165295270 2772372260 
1935755572 0232631014 7686928476 2636285189 3048492690 
9264098547 2493648181 4128316893 8328312579 5662135988 
3554452066 7408958409 2314862575 5911051962 2000503080 
2042573700 2899660124 1363556488 0280339995 6946560958 
8576321992 6030004685 3975598028 7655583171 0706399750 
6660476148 6777635632 2611612715 2242671096 7361840252 
9108255244 6153885776 6602779608 0898302837 0687781398 
4923812545 1717898757 7906769165 1324603108 7551814796 
0012167620 1685543613 8875351111 4464644596 5948986286 
8500384293 8167759796 1912729990 4591343960 4283622782 
