1457438491 0806626737 2039815968 3311458313 2775573719 
3964762139 4703694871 3448379653 3672088650 7609494431 
0674893862 8101668608 0935487620 4062953142 6836790162 
2324344216 2500961919 8865282501 8478075009 3092989616 
8789351440 4852784485 2101949729 3149122933 6642838361 
0958359117 9266973210 5032865863 7196191306 4985733208 
6615243198 9177517561 3307253369 0606289440 1403624673 
5791686124 1907679730 7215389609 9260914778 0039218290 
9660567805 1574245394 8127051582 7865608617 6628088767 
5485282643 5345792975 1091037432 4314804905 0997201340 
0938712099 6799226673 2745697219 9757397498 3529556634 
4453243455 7032626027 8293136893 8896296769 1490051117 
9164157396 4151622345 9624143879 9849972397 2106259104 
5242665562 8296014596 7901286176 4153524786 4330478558 
1496257111 3956032515 0363183745 0619425879 0732974799 
0654033781 2932343549 6477095994 1597021691 8103681473 
3833330641 5138771322 1517339840 9381746568 3332375212 
4521204263 5149480179 5737064857 4825588129 6241114146 
4692661774 7817386015 6155696776 8080635428 0813392622 
2268057358 6043957391 6273877143 5084847701 8662653169 
7488864738 6824309419 6018928758 9120213872 7709615384 
8809506565 3207344205 8984978568 2144810993 4432714379 
4129234072 9754793264 7618296204 0361443641 1274652404 
3691754283 5856614059 5943326100 9132314486 4164204976 
4947955201 7171086517 0698122416 0848217072 1710164948 
2479807749 1801666631 8076045716 3952518386 0958271832 
7208657052 9825589266 4923127405 0673123487 7203497799 
8295609410 6360305165 8168190384 8011147030 4239018204 
5758372731 6520859225 3994751093 8900121122 1942666544 
5908677926 9137115495 0789666576 6765460962 8827777519 
9570554507 2979236662 0852350781 6894340032 0475437404 
0076217990 9188135109 4993966943 1342798599 2158062927 
0421382675 6214353405 9246720235 0206425854 1096859551 
2829598880 1679474853 4882762322 6089882142 6027966949 
4883399735 3809115310 2615727526 0615166467 5747231126 
7311304563 0210164427 5628278219 1487924669 8975320978 
3265292168 2584330479 0854783365 4269758433 0779557195 
2000101207 8724019881 3494984438 4367638270 4117421003 
6951169011 1801683269 9946612010 0860532094 1579019288 
9761397840 3516511159 9346420444 1482768205 4550634184 
8306161979 9460270489 6489524389 7025843417 1773190315 
3309321479 8054202089 6195125075 9293649016 2781474077 
3224772573 2201913504 5680559997 8569277543 0546578798 
4285946840 8586784134 1145382412 4072065675 5982648262 
5761903033 8341742518 4853854038 4703710069 0876508085 
3508640217 6210101567 2829143567 3677110351 1643978363 
4404283023 4780735456 6914381770 4745089458 7211787839 
1541665309 2472697951 9526863928 2330037168 5067876207 
8775481783 9108197321 8290478799 3291396078 8741768330 
8186531819 9940659792 6782213227 1345963247 1409529463 
0761973967 4998463493 6360975806 7253661551 8078598145 
3495358216 0148026023 3176252015 0636639939 1351428775 
1153532124 1122515057 0657231152 0853765028 4322101584 
0618982570 0470439171 8649072412 0891714561 2024917300 
4379934999 4206586637 9857873460 6048061922 8119464331 
5629256867 1087969712 3496236406 1937388112 1802073791 
5981801097 5908011327 2257843002 5011137880 3495792043 
9189928830 0516242921 7600337641 0793371968 1331920675 
8299182607 8485247571 1775242016 8349348194 1400539164 
6393521827 3710489150 0365804792 5976158343 6513553494 
3843191509 2146293081 9950183591 6709425302 6540329803 
2496761584 3963471143 5324714370 3922148617 8438282611 
3866885521 5984613445 0580330263 6914394174 3559917537 
8716668814 0045296893 4351987652 7230084584 6550156565 
9895211301 1048528816 9394156867 0635178319 2218559553 
0500029864 8325444774 7771995501 6508265889 6713964088 
9880567958 0669160658 0609404851 3928010222 7697615613 
8260831907 6033245484 6528661464 9429483966 7733008070 
7320067510 4262514142 9624471453 6875097068 7850660059 
3940265187 7861032765 4702806325 7299061968 9759188738 
6672305110 1237949329 2597649574 8262551959 2739447176 
4009255618 5211857724 4308889458 9313045709 7527258670 
7145565142 3603418198 9031519545 7218862114 9171034530 
5965784508 2618680743 6497735831 7577008647 5879964322 
7445489500 7809667119 6162151367 6950853089 2336123866 
6283481102 9398046074 3553427272 4428104903 2807567670 
0337727112 0949128434 4874508135 6882215603 3050438835 
1754108148 3037534434 2084122081 6836058132 6234576775 
4279316198 6045430504 4485105558 0041167943 3767132055 
8147058727 2088253604 7310649679 3184796373 5278844788 
5205873182 8660065633 4932560235 9088898353 7772507970 
2005054144 0210559461 0720764924 4091363372 2789739946 
6397512341 1788366312 5090061416 2322765702 8541048506 
7974498127 1814676430 8414103002 3752565373 0495276727 
5484545999 7871633253 3105061902 4021518146 8100146512 
6285103975 9839412882 3698621131 8315247764 9679577744 
1913323947 9855287165 3023199869 8023983984 7319817881 
7133310344 3398908379 5800005131 9653452338 3390109097 
0444714347 9426502628 5740315181 5203546507 2823118385 
1986580293 6213522437 9754319380 1983432914 3125027577 
6675431686 9888602865 6770135003 7258969644 5868683417 
6473878390 6654442181 9235857731 0787002319 1744542871 
4160030268 2837240494 6436034787 6903573326 1881143101 
0813218855 2798589730 3450534403 3037227691 5140453182 
3618783217 1998898905 5082908966 2419765855 9805783414 
2873730648 0985290782 1459411264 9499219651 1361256777 
3076994605 8020640723 9180866900 2017569564 1759552721 
1359337589 7911604759 8231558725 3564456825 7143746585 
6688982037 3705497045 2907158469 7376355587 0609280120 
1769780532 9357967838 0795022792 2001052016 7689887325 
4108389319 2509071742 8881081070 8623207551 0184800417 
6969682629 0392399839 3811623663 8478713081 9320185559 
2678658980 7098502295 3739494217 5424696253 5470439547 
3241339247 6485210376 1177731123 1385001618 7130471064 
7783932487 5850063619 9119677877 5326807139 2468984403 
8826593605 1085465236 9222619272 4034991210 3831622629 
7241144083 5568680499 8074604837 1359252075 3901701446 
9373916409 2864863919 0537573932 9455653677 5435632948 
9530854791 9735618116 8943469443 4436430308 7144425491 
0609829482 8815811595 6356299337 7947392209 7851104067 
2166448032 0531067091 3037594884 3457873439 8473707653 
7474047930 8090343824 4339705830 5326958562 9984793830 
4808177975 0890193239 7881964474 7281348548 6485639973 
6790769039 3025212859 1950959453 3031379751 8529818662 
6201176126 0953213926 3391827182 5632758305 9118937210 
6915776438 3887227842 2852900912 2612514080 5231508120 
2726247737 0667161537 2979623651 7171183091 8171522805 
2653759337 3755812823 4864296932 2667847133 8695988769 
1580950811 5049936337 3569059008 4289200705 4825254617 
6895416471 0778011758 6071432866 2404483055 2364259377 
5798552448 6960807267 3059076502 4885140814 7618917999 
8962929079 5406069165 0986275070 3309100886 6119931836 
5347811068 9500553232 1232310409 9431566975 7128432110 
5892729075 6266529830 6834612688 1743502763 4457348731 
3081278785 3966825948 0450244508 9945385062 6222815657 
2066562590 8071060090 7194741580 6434289617 3131515706 
0558113998 9607656842 7723954812 0624654927 9224664410 
8673930170 5267840652 2475041053 6043235086 8815254382 
1884057815 2295198789 5606499560 6982745328 9227327038 
5375845209 2709242946 6734689593 3777896580 6769512859 
0449057399 1307948762 5397989989 4685344867 0842763284 
7644098046 5348855120 9436064288 9373837105 3515595879 
5075103681 9995860092 4794052205 1548807777 4998306131 
3790264128 2737157571 0612817362 4978364745 0207227756 
1952126743 2735816854 9611969888 2583112616 6950522240 
2188114669 3062574953 8470869958 6574599887 8927868473 
8719864383 7904804637 4622281612 6871276345 1130947831 
6617599707 5950853325 7460284937 4001043645 0345565804 
4944295034 5318338129 0785088833 3858378697 7108498206 
6510206279 5707669833 4451779345 2718037691 1410207557 
4774315429 3290326295 3211497882 6203515987 4125464228 
8439527779 5499289564 7543471058 9858515900 5508490056 
9690369399 4638054127 4407827207 9588120610 9501826667 
5052829100 4286440115 9690915602 6024587211 7456045510 
9407684697 9736827481 4597904045 5219048418 0115456634 
7833534380 8815341403 7239817881 9077576306 4723383684 
8076617187 8875254440 7318658305 0118647563 2030171398 
3390078987 5424411026 2777492594 5578726315 1608748702 
5048062038 1626062841 5675429971 1008457236 0794368388 
3177569711 6071774760 1977362998 6084709225 6124190334 
4303868060 7516077836 5027891666 2836093176 7596955301 
4936812797 9354666523 9389865492 2082126132 7763789820 
2946799581 6243987059 3623917051 1750705049 3924429371 
2287520721 0047900369 5203530541 7470268810 0313142753 
1174456246 4073545200 1303351544 1611612845 3063638220 
6203182714 1203471057 3330570609 5610419997 7441294378 
9723336195 2936807116 2946497417 4674606161 9442841957 
7150642124 4911540670 7312213842 0641412696 7154566438 
9159471777 9694935195 8346843367 8322141303 7431073429 
1743734376 3544159073 7738077683 3554545220 4160755832 
4500141271 2899741014 9470548864 7243415899 1296092282 
9862407455 1605891496 3102100059 5871347192 0979723983 
6831280110 1752643186 8611183517 0173586754 0649265791 
5137405821 6297242018 8375102977 2027692280 7801732353 
6585248661 0373552463 6051974175 8718234908 7381977451 
9960413516 0468808608 2725590610 4828222575 7674635819 
1662903439 0705475970 3480904400 4304333317 4134614234 
5412745677 9872589232 4090915108 7305920242 7900149673 
7015134772 1514257148 0238781897 2789099319 2321188518 
0400304976 2893873119 8868763397 7056903190 7414517629 
7505582950 7905515712 8977260343 5467222518 7519472277 
7503478062 9888158027 6408830585 8873211408 9935625654 
4526325626 2930428543 9933282550 3295028936 9907770549 
0294707962 2008390293 2214441126 5738208956 8543447852 
2535584373 1269337547 9376599430 6991005699 0821560314 
5081988649 4389488679 5977365202 3776380526 9495558714 
5427065851 7474445964 6823526941 0568519337 3700491448 
6237606597 9574374294 9313762849 5423747696 2984236204 
0406990322 3286254828 2233542016 5228291288 4434215751 
2706020215 3831784521 8564841150 6693943643 6446339032 
9462869215 0012003317 3722315945 9937024404 6654644010 
7095463778 6273667690 4564259977 5860341423 3762759258 
5363126437 0897307579 5526996850 3132069091 8306791326 
5420306400 3148245598 6239265759 7573177591 2862530894 
6541251662 2840716337 0149790267 3843253016 1901013729 
7886469540 3425694557 2630522038 7629423264 8064996238 
1630855003 1265168054 4788556819 9731089679 5755442683 
9220485130 9190268824 0337712017 7863986046 3980025603 
7206069295 3460153673 5130093516 6490475996 9041534844 
2284064946 4357839627 3959796970 1199959968 9705500713 
9802671431 5391239146 1161358183 4068087605 3466725530 
5042239792 8096566221 0911118477 8965033519 0031281930 
8140470647 8740367155 5521140340 7030398907 2232339159 
4235126529 7171121449 1591287469 6964544557 0922804347 
3384101385 8874280507 2514932018 3676549865 4426190687 
6750303979 5693902421 3437475259 2028444937 0703219824 
0950852874 3929412781 5958647543 0366953365 4646504381 
2295538569 6018708146 3036000681 0223193535 6775884221 
7066271778 7522895393 7497394498 4606881958 9926057904 
2663242818 1883297682 5708783089 0164354054 6417536779 
7521401491 6981613499 3044910420 4274172990 7318379698 
5131245595 8606399199 6596689961 0800504940 0729639709 
8959517574 6349501131 5239540543 6384247715 7673057968 
9978093511 2310127000 6068315601 3470561688 4208186210 
5906584385 4685352265 3099408095 5068645181 9643104550 
0569852864 0369722726 4496407220 9107280506 5651759005 
3633194257 1882619016 8520911094 4462304938 7276226013 
0096650980 1815021611 6189314991 7554486648 4510193964 
0892424535 1858629668 5358807237 0252086290 3963751354 
4240841676 7961062540 7745354397 1872022038 9829258815 
0488174626 3214401932 4591263846 7764538782 1490032187 
3605288401 6158146769 3409724342 4966959679 7455129521 
5247541300 3838241759 6775542251 5486890349 8467584610 
6631594198 8121179713 3452509275 3070140856 1426350301 
5271473708 7979022966 3568300178 7990288084 1938939224 
9188448911 7670080380 3875888780 1697701113 4533491153 
4802106585 0875700255 1736325688 2009759552 7487122535 
7182551697 8753150955 6908689854 6483794843 0351870614 
9231357340 2963136527 9127615262 3061043140 9239565352 
2974932610 1802357414 4940020107 5752924889 5892932458 
0351889348 3362322662 1107047222 7951789643 1135332221 
5133111281 3026996570 5654236666 0712427360 6758337678 
3519101251 0994437030 4629076346 6149644955 9967303212 
5852284006 8128863206 0138439153 5239320911 5790604734 
1393629732 3492759180 8942336565 2609394831 3364810290 
6435863118 3082596587 8597847150 2344907874 7678799566 
7424852051 0401039997 5710394022 0630691734 7420208969 
9175600528 8898736759 3966293674 0172098219 5418337128 
2339328624 7731719643 8625665314 5512699222 3677667770 
8198643496 7998415260 4519464045 9016395789 6049279139 
2910434902 7568381726 8404705229 8140890671 3149152625 
0441754527 1011235786 8012989368 2849339139 6383366078 
1422917945 5434491680 9706649131 8845378120 2579621552 
3212883988 8294830960 2541545158 3015564562 3132845031 
7418576979 9799107895 5656799608 2529165537 5861223383 
8070069219 5796394198 3742611767 6769100507 3575014710 
4127391778 3596347944 1159241607 4096491892 3864162314 
4315098433 7999995741 2386084556 8790650179 6604659040 
1190093106 4914597645 5087441691 7093615978 0546717465 
8993017041 3753904682 5444198493 0697739630 3361433004 
0322637044 1388424564 8531960009 1024035914 8604341956 
7188919858 5615655465 7750890144 3177712861 6456862190 
0128459460 7421607429 5710458314 0046201246 3901102101 
9323688746 2318746390 6390518460 9082474661 2222586831 
7169890636 0640254048 9350875060 0193538323 5847779777 
7718415669 2711224004 4551677054 1931073038 8369438797 
8890462421 7590046666 0910401636 2270064506 7167256329 
8135619169 5775856133 3390398277 5996522509 9040387093 
2789862215 9549437997 0630648070 9649417708 0058122705 
5933091621 1844004635 8937856324 3586419106 1540068204 
7879016214 0445787717 3981029526 0717300099 1217971137 
5424333488 2266618671 8059345350 0359794062 6101694558 
9487985287 3823946192 5927383005 8657862369 0127192963 
8265926393 7819596877 7634491927 8138391527 3468510317 
1283501167 7541289696 3401763368 8033476132 4250065479 
4483551600 2423125664 6080107867 0258603760 9939080045 
1756260090 6555541309 8404273574 3005006687 7433135282 
0617072990 3389370532 2254670042 0588964046 5239361428 
3079185404 1696667832 4070955958 7709423200 9415610955 
5343344349 1385438840 8610824862 4289859619 7412565717 
0424006787 6712368593 5372271091 5670406062 1943472602 
0409941395 4720131755 2449158345 9442749191 9291350235 
5834404187 2069743458 8605383370 1858976572 0622546686 
3899147406 1713844091 1140542444 8924181252 8058737844 
4375990337 0271443232 0785204641 9314755947 5831429194 
1697190629 7697904498 8213080192 5875904858 7570102804 
9890092764 6674318174 1931273879 8791908667 0564601741 
4104518365 4736392112 0183127264 2135299075 0753167418 
6041139085 0791740441 7265800928 8966400350 8561829937 
2472136843 4131495692 9570401981 3001606087 5412795746 
6419031797 3325939240 2107416767 0242353517 4221182857 
1516183297 6814222607 3090296369 4871330880 7785556663 
2397283342 2527065650 7307251890 3090395022 9751455450 
8141344442 8165414364 4104921750 6227064362 8610175717 
1120483665 8149705824 6357800755 0456264537 4462805259 
3284156788 5798506901 0580452797 5626285722 0830478354 
3668131330 3172332381 3526470752 5779523301 5289166395 
2865431899 9573174578 0167826728 1460222640 3818995669 
3799484242 1098248974 2008823311 1400134104 4095160930 
8313090546 5503159555 1547397748 0221462406 7611052716 
1375799862 8354396966 5783552456 7007936049 7518767958 
5004347859 4444834874 7345525999 6323925882 0104452878 
9576723339 1108520813 7994842347 1531895261 2818751089 
0512135465 4969246066 5576734518 5717740511 3980900507 
4932280070 9405692065 5442879928 9768091385 3288239231 
2742649637 9071979978 5249090304 6095850203 2813011881 
9189798753 8612770509 8311267968 6721178100 6094288603 
3416074080 2044853244 1414457945 4721054698 9291664998 
1941599750 8117083997 5855253125 3479307072 3771948237 
3833676065 5418502113 3373575357 1160498408 8630696264 
9890151155 6298277922 3043334984 4936783915 1985626850 
4325200844 7985546296 9126299788 3130293630 6463370450 
3315526375 2040473922 4157072857 7799880296 3532890069 
8400767818 9697563540 2176619429 4424753725 6498457226 
5506787359 0934057238 9793781914 6080319827 1139248049 
7941100492 2981431759 4991993103 2808979574 7253376814 
6061745433 1326448924 8037013462 6426692631 7342443574 
2705177475 6506755634 1333600591 7831376373 7592038902 
0426517169 1865422448 4136094659 8636267754 3332217290 
9728067721 2181229450 1776642327 1673310919 2752337724 
2450590808 5892756556 4344115484 4388895321 3270285605 
4060064352 4034011774 3942638314 9269420366 7677312492 
3344604615 2792228711 7473732068 2073795040 7753807024 
8751397369 7487220807 9418362724 5792671586 0587568437 
3825696601 5288450159 3636057997 6487955466 6897963172 
7641445826 7140983930 2605844437 3118321952 7357824299 
2380530460 9792532175 9529437646 6967178599 5655479752 
6010481116 0900192559 8770316036 9289053546 4219693617 
9009854720 7855125725 9753257687 8034184282 3941930116 
7647127802 0013244905 4170687194 0608748642 5099249004 
1243777990 2567236238 7521344875 4686801805 7002677165 
9045717416 7509358537 4663278466 1471702229 1277538164 
8935814037 5420413163 1796620462 6016830058 3584027808 
4250847061 0285632146 7634921644 1559656539 9512441115 
2722520988 5576318078 8086283744 4395373363 8662891394 
3990459186 9356297993 1691320743 1084912387 8269670817 
3798380276 0073283523 7130570383 5388120192 1780745570 
5392131250 4821976693 4063942802 3453350969 8054521919 
6416496966 4205192232 2293325224 9809906809 4382986082 
3933868677 3954452673 6321944401 5986590406 6528670206 
5100494097 8671302450 8960506363 1147497897 5431863273 
7637932022 7953001087 7176844026 1821800385 9090607702 
9345978640 9329695112 3385326149 4565585967 7117544246 
1946208674 1789881434 7780270237 8918386547 5073672507 
0123164595 4210423036 8253015499 2729230497 0650068874 
4552908893 6646551481 9384805637 4554470319 7171864227 
2096587063 0049834366 5718303094 5852528562 9892546132 
6079017237 4623360138 2089476404 7217671021 0783635306 
3283918528 9426309708 3524184268 8066639724 5435194987 
4594952723 6882351106 4759383705 3136149452 3326299006 
0613544202 0790080078 4435918514 2381095406 2463592880 
0749174723 2601428291 5066473564 6949149075 3130404119 
4874612758 4251725422 9933765619 1322834413 6159688451 
2305097922 9080934778 0610001202 4307933675 4606956718 
8678475890 2916716281 5104791098 4819968795 0537574761 
0343839289 2981834755 9135337283 4288849228 5393965950 
1645942296 8490216357 6984603656 6677068849 7906149378 
9586623897 8513950301 9552520711 5947916243 0380571339 
1044123512 7977174258 9499718132 0899397240 9457630504 
3817654202 3774937292 9236666408 5826356304 7018894284 
7136621796 2807794758 1410647203 9686900573 3588378323 
8393851564 3676929109 5321263095 3023723418 8776377595 
1325585719 8868415635 1143465444 9213461836 2582001773 
9111963565 9736209174 8028951071 1911931216 1615049356 
6140019891 5406771914 7406045020 0848900785 2104489840 
7155872491 3181424123 7453147390 9585928549 1926195512 
7528154045 5554894860 5304395183 0551638652 9635114358 
5542678957 8843322470 3032239846 2969403700 3638667059 
7551896228 2166849472 1551679940 1023726052 7619206175 
0456049663 7170762638 4595300533 4443878994 4328543663 
0146414207 5150267652 9987148414 8385924204 6843515052 
8589264835 4129599964 1906383622 2550061620 2985179080 
7999551716 1428927433 2216280696 3512162902 9650503454 
5598002429 2038066113 1224998757 4877781454 3334957813 
6558008300 4587905455 6552375964 3089947282 9415658468 
9806294311 2725975546 9302188791 2731035300 2168642276 
3366103189 0511086335 9639860709 7473741955 2934178507 
8013653378 6877679115 1473833252 5130023719 1023587588 
6798039385 5297049983 2183038998 5333735331 5103458044 
3402573042 2758682609 7239834223 1501764080 3327317622 
6319675659 8977297183 9422971652 2776196734 0857344413 
7475914779 3179333989 2435994058 1396032281 3465924785 
5875655057 5159428611 6131767395 5283481508 0851852071 
5479514392 6672875105 7441386769 7189020877 7611959245 
9359290863 8396962005 7686509962 9303818145 4912807341 
8097204032 0363366766 4994439199 3626414522 7145073503 
7059076093 8575244000 0947482297 1362377215 9263083602 
2139158855 9094614074 0697630129 7086569690 6676244218 
6183635520 4727903533 1753093607 7977879847 0802390218 
5958744878 9607452374 9056283747 4189310268 0628048174 
3381300198 2212777060 9218470081 5252327145 9867234378 
5431049783 9043649305 8607645357 5602598382 8162540984 
9639983181 1297188143 8639542654 4082800861 9305729179 
9568887988 1825724409 2308607770 8626351313 6094630976 
7740997028 4727668296 6685429084 5405202291 9003034322 
4718982049 9382480607 5163872794 5668940849 7366651622 
8133694882 8583395313 5050217053 6111817502 1010169609 
3737288217 4683892618 0687188721 1712203206 7336498312 
8125457269 2763105648 2587901068 5752080806 3392875136 
4817583758 1096955969 9338484199 1062692241 1365611711 
2954796777 8123862393 4934140085 4705378458 3782851512 
3279873088 4093735721 1004586036 5454494530 1868107329 
3761108679 7828280343 6613333978 0538614863 5943716350 
0877119311 9559848021 8289926777 9769409139 3084926892 
3971610875 1625981364 6427951911 6303391796 1291900176 
0953221655 7349110374 7120945790 0418602899 2215511759 
1568303624 9471608650 5186322797 4295613651 9830351897 
1428760223 7507160599 9046852270 2848242025 7009629938 
2791478180 1540664169 1792596965 0230616749 6772478419 
4741420092 4297729713 8883251166 5522273033 8964447305 
2704902414 7727564715 4092376806 6416528226 1122166055 
1903510495 3216953829 9957017411 4651029984 8982516439 
0569909394 5986820498 5525831287 6445683898 4342109365 
8943105114 0755583849 2789369974 0950138919 8821247991 
6209888392 4355873655 5452375362 3890641072 6631365733 
8688715014 3766765743 9282983207 3461314039 4952617095 
3084489658 0056558463 0952329631 8712451836 6166304277 
4985273620 2349067859 1557693622 0534724261 1125326389 
1430252893 7667373926 2860646099 1664258399 9874647434 
1416395267 7732246933 3134089892 2821352367 1609562825 
1349234859 2680407355 1815360719 6567395027 0691353576 
3434376744 3117249084 5537767032 6669884144 9114808884 
8013249302 5843817701 1878566635 7293539878 1140646588 
3694172838 7365708433 7575104479 9123597365 9724344557 
4271838473 3620516409 8603931021 9592121122 5720343651 
0013963890 6494529671 4205608908 6176982883 1638828382 
5229707658 1896118954 5729825810 7339454017 2774978345 
4068776411 0778004407 4292966398 0795802668 9312946890 
8915006186 1841892185 3041643322 1694927821 3392118277 
1902167520 2080596726 2749463002 8053887779 4596218568 
3074384298 9256463024 0890633667 6064738970 4968736267 
7347143193 4643782695 2783760286 1465838927 8933623236 
1603686965 8885994407 1709014385 7650085623 7035707472 
8812300427 7647474703 7794632000 5543727473 6584724026 
1839025081 8502039941 3109503970 8124812210 7761283245 
9563995640 7303784228 2949417904 1799135365 3370609295 
3580412844 9019567717 4363265587 3343028440 1481499075 
4651032818 1387821090 7214339837 4541509572 1808723321 
6393141184 8854048824 7613315649 9354030311 3131971438 
8566683380 2176668360 8295032360 4059513677 5927155165 
6796802958 5973380361 3440693078 1375730116 1300265797 
0242655917 8634319436 2646623018 6872587963 0575563660 
7828996953 6349814522 3886600730 1477187919 8641606614 
3908057772 5519244870 7082910976 7355499112 0061231753 
6184781317 6543955729 5038545292 3653669413 3485621787 
8926154740 4561504523 0885311843 8978335074 8069944802 
0815830478 0292913950 2742186788 6919801765 5546818144 
5443074191 1022927219 3186444074 9790317259 9397713621 
8099711176 1468900013 7724070092 3484996330 8320304297 
3219675827 8940008466 5235071155 1118348103 2014483529 
4744885188 6324133039 6067639585 7662392727 4353864765 
5332592611 3916010589 7206949121 6041943843 6276922502 
0408360183 4811827158 5534392555 3745823628 2552372625 
3314359699 6463666782 5593382100 9175987444 4027185225 
1290642515 7453594796 1305271895 9948884782 4353172256 
2754131095 9985044277 4753526388 8711892649 7707170550 
2201056823 2530711543 8956475830 3122551162 8763968835 
1432627286 2981524075 5887995962 0980439465 9688932951 
9044901057 4191419981 4985879000 0533489612 0691631117 
5468253485 8290076839 5376626414 5205273936 0786513805 
7224150689 7185582776 5389521513 5856589764 0730148811 
1133738692 4588890982 2760229733 9512441350 7510038725 
8948206647 8544539290 5511604925 4655683017 9223635263 
7755462684 0904947800 3726847161 0264950882 6206935748 
4631643968 9789627008 3376303743 0175619457 3890788481 
0424309285 5236310298 3551745174 5446606529 7670819947 
4320599516 5291596008 7156521154 6129673541 3957327751 
6784434848 6459833913 7584856250 5546017507 9220988358 
7719338601 3948967514 8337638021 3903415290 4283626453 
7637458087 8281537904 7085445759 6761421037 7236123296 
1964022920 2289514696 8811447058 2893098035 7001504103 
6948417054 7286922751 9704469469 7292034951 9697662176 
6414362032 1098749717 2990814400 0371573928 1891528408 
3197422943 7336774778 2587092187 1722529840 6930555693 
5225836786 2538776990 3710832987 7979505169 1696299576 
0702662487 7256111532 1024522871 7970309373 8005633540 
5929310890 1874004957 5133056457 5546864588 1925344372 
2717048411 0760458345 0525724291 7684423561 0013945668 
2456604288 0004740729 2619165754 4095336500 0544583331 
3333486658 1972749276 0012423238 2251718468 9306940857 
2324615542 3928138874 2202766169 3797935663 4410450371 
1559823675 7714312491 2796231411 5016452888 0440942390 
0517346456 3780362939 5327787801 6360441042 7591864202 
5167711823 5910812494 7844895488 0725855125 7454960799 
5691801297 1317205403 8424909608 7363621351 3109752862 
0986224262 4187424357 8376772912 6417918801 3767520032 
0563326189 2410186165 1303481024 4006856808 6061104811 
2942740900 9375274857 8585868409 2297315779 3668860861 
9964429073 6157490533 0345107467 9213921393 5734146937 
8267840533 1319923544 3303460719 5155205700 6610011693 
0106114645 5648916805 0091450055 6137849404 5436931348 
5910618419 3301895454 8638521986 0080820040 2863322268 
5779286594 7499006936 0751057802 3474201503 5317737300 
8364949891 6728935090 9354212097 5207472725 0436661880 
0613349590 9306114071 1046459924 4759717542 4019965407 
3065408416 9735239250 4156355003 9026440029 2275155191 
0862941367 2360002694 1207127811 3087636531 6152244335 
1622669190 1231017136 2950133169 8077009767 0312259233 
4099542352 7648984420 8910924390 2756481617 0040721739 
2725660242 9583715571 0671685414 1871300357 1310230544 
7259377064 5420643730 2838147841 9102186882 1846656713 
8326128263 7806975309 8860829066 3303966984 6839624674 
7688511450 6491315186 1552462947 9248111598 7311090797 
7115298058 8092092858 1622770652 7567771953 9311203573 
1943345934 3473372951 8994157214 7227619036 7800430879 
5904799926 6424281962 0163009888 3714884504 3980122446 
2455602660 4086161331 9972328497 8761593171 2681400404 
5056189668 6909847082 3941370855 1813261996 3768897021 
2415231378 1873313001 5601121995 6570354141 0653535638 
4524396556 4267272174 3450531708 9708620347 6547586741 
2814640719 7922805744 6954068492 7959945904 5820901873 
1765866162 5178733129 6935726248 7630182748 0530656002 
9462418101 5143131869 0240874938 4112421582 1508373074 
1283373100 3222668395 7690735069 8817682754 8481773049 
9539131031 8465327838 3865626717 4760018062 7887580492 
5400887840 3927985646 4964515527 8927345020 0154100313 
1905096271 0809628895 2376898287 2651391408 1945116719 
5916663181 8853373127 9822794780 9638418633 0812324934 
3682732708 8471684840 8230651068 0498401989 9661418486 
8219292371 2432262932 8442483023 6101798391 0042699040 
7744799190 8376102111 1239606725 0719299793 1365177067 
3164504798 6232255197 9702992566 5315101596 6045966901 
5088706888 2982527286 4059895142 5047655646 4386139713 
9093020257 1945855825 2713927198 1132775888 6955446292 
0605202687 6752213679 6682746877 5874528760 7786344913 
8269956348 0082544144 1318253472 0494801421 2654329829 
6784668605 4377906133 8910206076 5389746783 7990904198 
2264282917 1356980043 4724666969 9301575114 9537152043 
7403191810 7954868943 2406229094 5862326245 2209667574 
4952856601 6465787368 8424654026 5604576973 2900129583 
7874201711 5100574265 9749253328 6825866257 0245837811 
5218220127 7576078722 7875362544 1767851681 8491979949 
4976491000 3693490955 0819450205 5638112249 6479676624 
9650785802 3271236894 4622866979 6319715390 2499010991 
1767205329 6592010243 2741583664 6285103519 4005414571 
9071486388 2469446903 8224568838 8500782441 0392501635 
9715374849 0569452456 0531254037 9176033101 6534775001 
9986495805 8355366142 0716997411 7331055254 0420552110 
7731858104 5894610462 7355807094 7146683528 7835222442 
4395195109 5964801933 9972822544 1237291197 5335233397 
8820050032 0948307780 6628336460 6324667100 1800870666 
2889771576 1318039445 3085177859 9796791617 5623642457 
9913187479 9529518736 7560206724 3360786278 3164465504 
7133342557 7456220329 7058370652 0846148146 1803279556 
5723112891 3791506107 8782367241 7063157427 9086027582 
6804832820 4825305959 4486535530 5335573608 9436683787 
7887790883 5773316581 5665640463 3363117896 5577553867 
4513596547 4379288244 3277617766 5299775378 8443212262 
6758789612 6638330684 3849005800 5776137309 4604324573 
3141597876 1655537226 3016164233 5345100237 4635368298 
9424782425 5806480766 4336180523 7741563140 3789337126 
9990081154 6084081424 0586928446 4087423891 2457751936 
6466994637 3591584411 9317795008 5848065280 5204513861 
7897232991 0964611770 9762971698 8054741486 4040358883 
9279500405 6809668826 8252678332 5875358351 6005057945 
8531484837 7702967618 3263606491 3660564711 8508049163 
5911181680 5735686256 7675748362 7962595423 1444084268 
6944417808 4654590010 9830083247 0127327673 2518629652 
8101198756 6742512371 8547191741 9644610996 3814369225 
2764876865 2429643328 4880267104 8804488801 5591064476 
9829183364 4325638379 8347892249 9242473473 4749255855 
7293151861 1034534137 3356722746 2578276718 7551285229 
6157193501 8632517217 5999942277 9441251276 9491665964 
1176453311 3076783943 5875570151 1268339788 0778230893 
2767292196 7390656501 6790988495 9899971836 2018377246 
6979164681 5888400401 5083264133 9017024402 8639070088 
3106649068 3497676288 0088097131 5772643341 6470525153 
6471773066 1392722405 6325710013 9729989909 5593747730 
5596363485 6006159849 6125351831 0745042828 0599101135 
6152764613 7187323074 0548644387 0951037623 9129317441 
3926799644 7473236182 1363311858 5804069936 5837776065 
5841495332 8326602877 8546968943 0022926853 1019343019 
8737058717 3582180980 0669389125 0766257084 7465950628 
9918468346 9499119620 5056288100 6235243400 5024075121 
2565976218 3568345522 5766840491 6525157075 8414614413 
2895209700 9306872902 2716370563 8590610592 1696945735 
1312296992 9258356753 1883445210 9537570173 5632618166 
4424591830 7191732592 8053735184 8183098722 9456262172 
5404441898 6403975038 4513606111 0062107180 8868929053 
8855653803 2123197766 4500797880 8922913907 1971832155 
3376607146 8815888614 6659370802 1811848640 9491244157 
8015869647 3723909595 8580311735 4939639342 3239812188 
3858322269 0622730436 9154796477 3290362031 0231584622 
8211866082 8589608169 0940900061 8964421346 1734468252 
1433863060 8641076491 3030963038 6061561226 9477567270 
5661641983 2266128295 5940541852 6700993894 4181452669 
9815121965 3967190513 8431353655 0321313806 8242451734 
8894759250 3124192484 1752557403 8182351139 0261635537 
0936864688 4710152598 6682006296 6604332671 5884702846 
7252827367 5136369158 9349857215 1495769695 7393793129 
3333878685 8701558643 8472121908 8131194713 3708733823 
2750005623 9923744771 7210347921 6899958700 1504698058 
9562365188 5426829398 5666712723 0583317473 9467989387 
9179844757 2639669972 5651509335 0494496239 3298941183 
8095115220 2738593619 9162089315 5937352131 9380127029 
8481882968 2456924664 0158910245 2240833407 3529472376 
7660187190 8356625734 3946835470 4836224454 6199371292 
1994552160 7705226537 9834751066 6769463255 5115664949 
1168070523 0528173086 9088268238 0129412541 8146730584 
5934358127 3433407463 4710981016 9733784511 3700036146 
6614777973 7566767622 1187825394 2360370654 9237225664 
7519270025 0824888860 4062234098 1154511333 4223901773 
6841135991 5337237318 4676634050 7156896681 9381035854 
8079907399 6134538888 2685756724 3504591899 7400691044 
7041116287 8652679201 0616132471 9998448237 1523349978 
3637523014 3135132826 9553952901 0864942058 1860439615 
9053058259 7540015734 7529974982 7230953870 5772100053 
9641886970 4874528973 5915687927 0799441658 1049442687 
9390222782 0026173884 2463895922 1139263874 9541141959 
4330027084 6714237068 1281377822 9848743892 2580196067 
3229557664 6222560726 5008320437 3463689206 9742573101 
4887778328 1459700550 6211252970 9439551348 2069706780 
9204578900 9005563599 3193030074 6710425701 7918474679 
9520164509 8538151015 3969617354 5527780430 6267757948 
7710979913 6259366223 4937064837 0598168419 1440900869 
2838417581 3696077026 2652637398 4217927518 6558553400 
1802494738 8424795076 3593696251 6581598005 4901107970 
7269532448 8613743499 3884408366 1468592090 2013874629 
2972909384 5395689309 1552470325 4564948483 4255843539 
2750026839 8089195124 3857147278 8922881800 4727979105 
9416493716 6417567650 9443374654 0972890144 0632813018 
9143863392 8063344349 4240026022 8810471699 9725533939 
5707641070 6789505905 2416329022 1291761570 7202813379 
6306498598 8232242671 0298264264 5482279327 1548045876 
4992124132 1268182767 2309034755 9579303115 8482489483 
0141731719 3431046635 6199829342 2660845241 9772743000 
8947575190 6443642507 0401157381 3177948095 9953392691 
5579884005 4782895365 2395636741 6572964880 4634630573 
6737117215 8099902098 9445373325 5406649244 5556570479 
7720791458 1230450618 8806693477 3161154921 3528598081 
1109640356 4201032065 0313878329 8144430856 3872065793 
8940705623 2795868744 6085284069 8062839012 8319940403 
1753698172 9101193027 4216487446 0186196321 5944684538 
0755709872 2129647584 2610580437 1014414489 1074881337 
6672138354 5414247871 3666653871 8207128484 7617070028 
0230771398 6200152328 5284674980 5171600941 7700848306 
0781630740 6741291585 7045857980 9143541609 2906134945 
9709688925 7105679100 5567529007 4750437994 6338211192 
1199900912 2153965563 1726332987 3593583866 6500189702 
1037681056 5539125811 2742565036 5892142910 1919356774 
0079666127 1382307140 8188284186 4932545670 0504789023 
5799834629 6652053903 4526722973 6797112229 6475763842 
7953370703 0794156328 9311746634 8996286910 5186047227 
2688877875 8797953654 8113309718 5257748836 2549950780 
8962383116 8239465051 1685470862 6136402178 2044527622 
6218509468 7714584666 7658899947 9371028457 0278582886 
4945578192 1024708840 9805488404 9428920275 8632513512 
0327683691 6550933375 7568774231 1036161066 8383215808 
0256433346 4542717220 2495621806 0593586057 7836839825 
4618223644 9833541991 9081817549 2396216871 0528049514 
2246375891 2011361597 9984380345 5389874368 6379416430 
0305130378 8958312792 4845498683 9906586006 4078993352 
8127851940 9840167197 2972706993 2213390718 4209551782 
4752068026 8463616539 7716512345 7434030443 2466147817 
7119961085 5372824309 1711263519 5011915381 0332261700 
9607819792 2946035526 0187876692 3621248636 2488512903 
5442839737 9232513895 5506401423 9130766546 7538114524 
4024706837 6528064142 4872089134 5137963859 9944935160 
8677107460 1432747723 8510284749 4666363346 1941723016 
0773629762 8897725128 3002580846 8772653015 1682029250 
8730013462 1992315653 8719904106 0550741930 3633901844 
4239787442 3384998260 6967605702 0535368456 4642727270 
3489439236 6484590024 5979494739 4860416671 1335717028 
1209226805 2781568833 5313264331 7590299465 3857485218 
4710972047 7182480567 2156192313 1996627637 8282067062 
7977864382 2558087274 0355388755 7637225829 9905067359 
1541471494 7437264983 9787057663 3115053342 1161217453 
4089654152 1554977462 4788862911 8303526040 3687328220 
2507089353 0843523458 0815071956 9588924126 0528757183 
9649630550 7662860091 1167261753 0072817388 8458812373 
5985372692 9926264266 6002172976 9040932291 6645780080 
2861573105 0138340599 6052151802 0233746749 3294109576 
9139999676 6385217537 4648850721 4642276836 4860918319 
7332363921 5924903900 0696788812 1011297463 5837340525 
8687854457 0222146208 7368587279 6641453017 6263354155 
8879405907 3212225394 6707378265 4675608107 4649604180 
4339579538 7211330646 4679928612 2948571393 3856329761 
6178508911 5582766119 7902337999 8663577047 4963796822 
3993509579 5450820550 5111893034 7793570244 3035283044 
2834702410 5904612246 8081137539 9707428743 4351207241 
7982710008 2933191371 4192887714 0989863705 4627113614 
2170603160 3887715873 4107562660 3462603469 3205757463 
6326530612 0596147410 9678643663 2812848924 6217276990 
6044003564 8313727017 1843261107 6286907062 9628767824 
8337252181 6784952087 0187388883 5266818806 8856155382 
1029179384 6881259759 2238717575 6873776636 5217279182 
9359888912 4812904849 9965476445 9655545951 5319230198 
6734214396 2690524533 7463449860 3717927205 4279681688 
9295558794 5755341314 6588128331 0245574792 8050200866 
6957169395 7780153414 3906770746 8844437199 7229473142 
0962430984 6450531853 9652190602 6711006056 6217145056 
5239616762 9158214100 3930733389 2918625670 3337144724 
1709240794 4822081957 9349698115 5249255732 5408808831 
6481951994 8492518859 7971817916 5071886497 5353694319 
5763660262 4261722924 2548005605 9572174815 3559340925 
3828324333 4477794234 5089465946 8295480156 1640088402 
3550373234 9654987866 2171076680 1062510274 4723405477 
7387228233 7063244223 4657130998 3353563617 9045129664 
5359207727 9387939270 0954660146 1050918027 3269755513 
5713654909 4051709869 1433383437 3538622395 6625316705 
0813221234 6736878144 2761854788 3058500581 0785155567 
8807693973 2421220873 0661826200 9083050415 0607987867 
2078008638 7483147104 6796221804 3947575563 0990862442 
4438280907 0751636039 2136097396 7193494081 9820051893 
0846341841 8513775869 4213859700 2519235721 0352359781 
4756562837 0064989358 0619427747 8376736716 5686044012 
4253539425 4608374734 6222496082 9827247240 2187537341 
5104438842 7140893032 9039663170 5985272743 5757224919 
8043964068 9369083307 0460690336 3403761135 6692720080 
1720601652 5870166209 2465653183 2178359034 8318466849 
6336231773 5446303933 7934892379 5838233801 4835246620 
7076888417 7564682572 7171361914 8355289440 3611579624 
6825347099 9577854148 1648466735 7356113380 3192065822 
1354967829 6294583794 8992590906 5715085858 9924036877 
7247095602 2520603041 0594547223 5734307619 9202003870 
3424402223 4909496718 0951194798 1181231766 2161328126 
5741888792 6717804023 8578005598 5292325615 6882467651 
6359048340 5880044838 4582302419 9841762420 3975028214 
4203323781 3646956129 1816090880 7052269274 4785023579 
4371561428 5496103309 9970139477 2146061745 0078824754 
1700679178 1881337307 3553878679 6010124219 2434173987 
3289763228 0986762293 7453437289 9811725930 0822232462 
4375985400 1837266087 3832647120 7255449130 6433644995 
1001947825 4452554256 1198544468 9633861923 3410886119 
0236636252 0061671773 4072684448 7670870786 3399288518 
7857488689 0695595205 7560806553 5972362554 8665768065 
9973002696 1449979138 6394913764 3343951178 1865616972 
4575011955 5271398766 6331024199 3649615936 7342333676 
5935189951 0821050854 5586590240 4524395014 9586570975 
1688017729 8008199222 5972528916 1528326432 8713301912 
0720262250 5599302105 5200593642 7206720674 3658081959 
1983894686 2415075380 2751656622 8260425584 4872369634 
2315273704 9647360124 7293747058 2351894637 7728760858 
6271395235 9990692232 5870359910 7092753607 7178731275 
4815094035 1270138170 7948704002 7946364336 8842771692 
4012826404 4475383002 1680605559 7399111532 7567430425 
0791689664 9365346106 6490303392 6454798262 4507527529 
7035511702 9389549392 6050261167 3280508063 6191135041 
5038722553 5480524950 3072592208 3212991676 9939385789 
6052191904 0226593296 8932015280 5385584883 2676736575 
6858379942 8685543148 8484598780 4319937107 8484089337 
4197790800 3386369665 9632700048 0075341073 3130286958 
2860135928 7661350885 6941307268 9527062211 9444657090 
1350002850 7817008173 2969360699 4478080116 5089977469 
8383275335 4462231178 9004142445 6125659236 1906713778 
2218830990 1262050387 1386374611 0754713824 3333426066 
1119112499 6043119748 7300355784 6753855809 3194053656 
4143872408 7159307028 0022336202 4034209266 9248410365 
4139246032 5281513910 6025806900 8679246947 8464151377 
4253049081 1333748592 5659032521 0843787058 3690180305 
9338532970 0109696000 8742504481 4184589259 8569653455 
6980827237 1276255400 4837927076 4101702087 0006758524 
4432577526 4579036182 6803605262 3878996687 5626868457 
5871134948 2617027872 6420774053 2779178396 6059302468 
0537612528 7836224216 3181476420 4764333456 5869242915 
6194617414 7929303267 2745331987 9627590510 5825564390 
6412796059 9605162941 0558357700 3536563242 8567139724 
3309359986 1784854409 7181817255 4477791409 3209591840 
5016499843 8612807378 8718816754 7887565056 6319631976 
7304705864 8946240459 4926976645 3285109198 7443373512 
1566448881 4513250978 2997998568 2830183029 2718126587 
5799749152 5942142606 6384493476 1823669436 1301000778 
3474504544 3839405946 3825316417 4696216796 3754039491 
5211600835 5340458730 0703416744 7688538635 3724175911 
9191257302 9628757699 8669830602 8450551254 2557781304 
9196573537 0810975388 9805144982 8195851720 9632887924 
9759668785 8557626872 8363857714 2823352346 6567958926 
9485489195 4487424195 2228540275 8101327257 2588484604 
6549518516 2225272148 5896972726 3289515266 1007419195 
9717832883 6594559768 5705772628 4785595448 8372407579 
1628836314 8490647791 4553487265 7558501119 4226486996 
2439109009 5948421950 5011828545 7021898741 0345718389 
8179048636 4649082967 7731508367 7699733551 5074170081 
2202580538 8524519536 3983453187 6177812318 2923384516 
1492018946 7872021748 0245281591 9012422558 6516987472 
5902155076 2497491226 7376594563 3076166021 1943484032 
3979914407 0248817343 4330292725 7109286573 8989424064 
9561810909 7976549851 1842477113 3900728809 2990163018 
6941142126 1170343722 4966747668 2598881833 7774891530 
0135800231 4602426047 2055275799 3198994096 4316114429 
8528316114 8698973174 8642308262 6493416316 8452780162 
2286945217 6524878906 9955609915 1096015879 4169103884 
5956359668 5293612599 1245729283 7693574949 9600063745 
4051029331 2523537194 2115650133 1547537362 8090714281 
5773185118 5927633100 1448478115 7730515727 7411636321 
7629955597 1064374278 7164040829 8307104630 5419155993 
7148153916 1255478112 6437438903 9745212073 5757677775 
0742115050 8298100857 3752383518 3835753993 3202975989 
1578248805 0412070590 4644073227 6884830874 3534512264 
5470626940 9754445136 9757257089 1505730232 4257356727 
2108516847 0673901113 7210182805 8046032247 9166007383 
2691454159 3198292432 5433746486 0496339653 4224817293 
8325475111 4037593843 7780558100 2679023593 3847989586 
5486078741 9414168840 7304341734 9690424069 1742895829 
1133881573 9432277101 5619624776 3551902402 1712746862 
7824721979 9676266290 0919176955 6438105385 6926401859 
1476166954 3194077693 4896555906 0313034157 9094455197 
5602966248 7545487909 1117532699 3709371263 8067225675 
1463060740 2334459831 4820578077 8552538169 3436480535 
6807945204 5386888722 1458052022 8137165269 8201162506 
1657297379 7480750029 7233921909 7501220494 7494170065 
9392967296 0287387671 9522255063 0864385036 0228641843 
7662400917 4719032833 9083995367 4746861310 1093275450 
8537010324 8816456357 5489558603 6799189361 1297876190 
8356737312 2748237818 2701853106 4263096134 7248714360 
5493189037 7026133291 2020741185 7020396549 2336859086 
3272900347 8722237659 8941863189 5233975752 6448262322 
8467814741 6783941758 7877928413 4112230198 8055483719 
1966208599 3112969783 0338865167 5854462279 1340538447 
6083942355 5344903316 3300012475 7996527616 8526319453 
2930959627 3131467261 9266181983 2194566480 0489127240 
4216573041 3638330422 2664897851 5562645655 3219711447 
2973260582 1321486152 8010097276 8015104029 8965202063 
8606860045 9816142852 3749991208 5209347292 3079773503 
0153390597 7647834289 0747487781 5173481573 6268828728 
8473096086 4188664530 3294760075 3309358538 0277049260 
0732884329 4119520864 8297113175 9375253443 8895881425 
5548385173 2952836011 3779153290 1133575981 1747590808 
2955904750 6576584568 6049895198 6993050662 5060170970 
7832987606 3046816009 5210972977 8751360186 3205458955 
7818005958 7571719117 2323509157 8713751539 9125515052 
6069594760 5933157635 0909179773 3208336136 8071945515 
6407495330 3571884225 6369317118 3439732516 0573650377 
4732145350 0563595638 2624749363 8224705836 8475214260 
7279199552 5107455130 4244338336 4054939700 3333713488 
0029978594 6575449427 6518303412 1119702102 9987336199 
1177647930 0476493264 9152190991 7772362558 0527127257 
7992841862 2127220259 4729578364 2415695183 8904261862 
9319498502 3980882790 1822770867 0870719353 9801835763 
8280472176 2702614902 4918463402 5236129564 5126001797 
5449613122 0872848373 8833193857 4020189082 8176785029 
8505262156 3352750833 9394101455 5472125637 6368546407 
9094647653 8165508050 0179673737 4314099089 4748416914 
3006508118 2103990094 1917142905 5442874348 6917780828 
4127163283 3493337387 6018980519 2382363730 2197650070 
2991998409 5395364081 9293935448 4433786725 2570777295 
9596138710 0715792147 2183707580 4150054413 4986004929 
0749969893 7903488102 0827925069 3005742360 1746771263 
9825044479 8794775513 8368875388 8207757212 0635319586 
5003008391 0654471490 7549279711 5572184609 0155394573 
3251863898 1285824687 7695980082 7417655549 9255652637 
8718474988 7063291494 3908030741 7260367589 6802548718 
3739999619 6829326612 2412170677 1339713788 0925201702 
6230147178 2080063916 2135982052 9738550555 8209594033 
3264708915 6195552235 6638062641 2574791346 3825374925 
9912880143 1261443620 1171810061 0472258584 1850028634 
1562115688 4418566202 8272766006 5536243416 5318617270 
5470460182 9523329536 4896057333 0745306473 0077394581 
7405562218 0102965869 5455429623 2136268085 1935845002 
5873573058 6665195617 4463718111 3447756361 0293164229 
2999771284 8473992479 1499752469 7574616765 2401333988 
7118993502 9199507259 4035417767 8878427586 3173386202 
1231433122 3245499952 1022646419 1705902063 7215636487 
0441042698 3363333138 2169588483 1981209369 3683591904 
1149316234 7872763662 7592154568 4107024174 0529792569 
4298191498 1740639527 1447869051 1842343371 9559261231 
9193757906 2117858090 9320588479 4836305795 6121560105 
6518207521 6489529364 7504997836 4259687880 4760925999 
7018653611 1131360484 4810434313 7267327149 3251764067 
7959128270 4180928409 9302148095 7457866349 3779227121 
3755371254 9498364613 2191054790 1195080548 1637782317 
5531880540 4834474568 2348295528 2130638303 5954647975 
5313386037 1316576407 8334088593 5945737671 9674086252 
5180978181 7880369860 1166138834 7129991537 7112383415 
4528740489 9564690282 6030068854 2763451896 2357355461 
8158222214 0719678668 4310268265 5738115194 9371316182 
3492530436 5477918872 7730395772 9166760359 8906829849 
7927532644 5793020562 5004198215 8178336797 5832458201 
6703344016 3751943613 0793606687 7060596155 0745818730 
0740588554 1857077712 9376539546 1112355201 7737452675 
3650277123 6010262637 1140850249 3754519972 3881184972 
0048529540 7605375755 0486334985 1760393434 0365895296 
0860734480 5531229553 3568821456 7118057604 7588419420 
5834963384 5421653770 2022628873 2032814262 7192419113 
4698071535 0623640604 8801061017 6139643065 5066646671 
4597747927 5127501313 3465967646 3960699440 5703118605 
6087812280 6328967816 5765372750 6296728357 6263974828 
3846472950 1891798560 4824919850 0799160923 2399766719 
6476783301 2638465080 8804283111 0985025546 6129686185 
5650350012 3610685297 4356644656 1984920921 1012663758 
3119546240 1126619489 3008382843 8659999992 8333379487 
6598213558 8393330975 9653943516 8747702542 0380520337 
3382317893 8782825430 4773685927 3772357478 8865668587 
3609256869 1056377446 8511315594 7867365164 8492178603 
8920469205 7392137396 5976293426 6179938759 8861055713 
8473901586 9538001440 0337739425 9635248692 6368960908 
7053952625 1096127290 8873767982 2241074767 8488299026 
2592141720 6513544327 1991645998 3330333820 5097023670 
3791891297 7711390002 1796464556 8170138089 4182584629 
5987689363 5924393798 0370126043 7000195453 7532094758 
5656686261 8691377693 2365553855 3373664018 1142604011 
7126345320 5372512446 8808392504 5538064254 7662809345 
0603910861 5119488314 2464773935 9453611346 2632539790 
3053106155 1540475704 3183580698 8891168508 8278357540 
6260470081 3348942775 6419881104 6150339108 1966974360 
3856073267 0871560877 6658858910 6089607208 7471582697 
0169056266 8719926815 8483351741 0241095060 4976133322 
1030468320 0931629481 9666417866 4108925963 3540386292 
4130152476 4041519532 7618247072 3527897727 6957745431 
4914572040 5417995318 5788374981 0850505715 7671110581 
5852167055 2201100240 3121471715 7984645854 3324890734 
1098761099 2956496761 5654471880 6244284933 7194222747 
4044983798 5964755841 3348941074 2608333615 2120775019 
2980151294 6567208421 1550763881 6459889661 7646436976 
0328924324 5105302982 5051224268 0703731212 8083935122 
0225540841 5132029479 9980575137 6864933655 6761678499 
4713349269 5625773907 8483718248 2831556792 9819728778 
6862903631 0560685800 9907222402 1538766147 1364480196 
5614811245 3886271654 2334288756 1979792048 5573019299 
9750041758 8186220355 0843526937 4224183477 5423575605 
3467255495 6154189883 8178560292 6769085061 3136595288 
0391735556 0245687971 7723106032 1745760497 5950232256 
2941963790 6309379558 1044909587 6213591677 8658295393 
0306576530 9230704398 6757062576 0671427063 8526055475 
9595253213 0478006326 1071076808 3216210014 5794640977 
6926800691 3907193727 2531922852 6274289573 8950413768 
5477459296 0335922726 2526666835 2170703189 4962827245 
6528458241 4254606303 7280407774 7979885412 9463539799 
9246474691 3355243372 3183045353 8489080808 9315251813 
5768485272 8589173285 9174645036 5612006882 9470503204 
7169041537 6867800192 9305063669 5778550885 5054236989 
0122298087 7912670610 5235629735 8060222018 2943158073 
5552190937 5865774736 2647369928 8881279782 9333934998 
6977352324 1375993155 4636311929 8207065372 7478607258 
9973120693 0627210401 5723943842 6087560393 2638706392 
9022190308 5890987772 2019855938 5372688147 9322882922 
3698259046 4309339788 1652299859 7111438879 1916811255 
6374983131 6110931906 1156325528 9261205865 1598514939 
7612705562 4087676714 0605906275 9367897286 3204655894 
0753192715 9129511701 8443755758 5352369782 0603460308 
1114085616 2220429042 8905287093 4871938753 6681994211 
9678716034 4751165632 1704404160 5351341390 1731366894 
6388738555 3138636824 3369975985 9706164570 6267041304 
5912643728 4989148356 8904556090 9348101158 0923180730 
1845998408 7990904615 7493109861 4313315919 7840606356 
8318841950 5707596210 3268508407 5395110460 7136774315 
0631865568 1175045684 2910985936 0948634686 9593672277 
5807730607 2883798814 2468100342 6858744195 3320342225 
9222591131 5687185512 9884383997 7181848177 5752765286 
8727478679 9756095598 1443326979 8023224692 5174800848 
0437354026 7386844464 8250945683 7198696619 8330889858 
7835257932 3281004784 9800001659 2407290314 6602815056 
4724110345 2031576527 6577171450 5108046030 5129759639 
0336904878 2270839013 3104005385 1493735374 9729516134 
8972263979 0211988963 4448662018 8190295769 2950434647 
2305784526 5200580679 9064539004 9554274873 9603331115 
1334342323 9392815392 8575524189 2542753368 9936707673 
6032707695 3407153977 8317693299 8580029024 7380912222 
7024700301 4973214830 9934933241 8808211182 5695862329 
4651857563 6897541635 7468959866 0266517287 1063731782 
1154407328 3084095822 9371768628 0368564515 9152570329 
0275690368 5712988312 7811874734 5960741731 0097884731 
5628386494 8619310435 0166181226 6303769593 7267645885 
3838094304 9453023030 2680142109 7550250389 0721484246 
0093398754 3991538384 2137754597 2464098687 3792660279 
4166204708 6632843876 6273660878 2721500359 8927765170 
7445477065 3839619602 8343102852 3840913387 2378563979 
5368257883 7058304894 7266348134 8213171908 8833963367 
2412315363 9729520379 9561405420 2652355733 1822605360 
3015161076 7270161366 7753472021 0899524060 1901907310 
7167115721 3153131399 1087346049 9485588793 0555732907 
4866756924 9917791477 7762752572 1533153059 1915437576 
4020855624 3114944537 2545956809 7025647576 4244423090 
4740701449 3872009314 8556612673 8641899425 4949313631 
0475961893 3034909499 3072843240 9009866042 9647764160 
6362128947 6951726567 4169221041 2679197620 2629175585 
3059616058 8359815094 3813988815 5464739539 0022108597 
8718592405 9647802767 8892392428 0477323241 6801150880 
9942907513 0067286149 7273785041 6001553809 7278691011 
6538163760 2995600199 8756771052 8743417964 8634948759 
0228434508 1024845232 4285061945 6464928288 3380246745 
3143600766 5393932531 6906934715 3411102590 9155950980 
9996077710 8192404340 0817401909 0499522416 9459367084 
1551263350 4468374235 4082912646 5380354941 6953846871 
9159478644 8216907197 1882790453 7417589786 5653963543 
6417496421 1383323912 7266085382 9567746264 2204374861 
3750869656 0381441154 4678174631 8241578012 5489762580 
2405672218 1651902552 5646655104 1784031399 3155273497 
0128274640 7837967734 3103957500 1167643501 2323921872 
1736939561 5725612096 2946586125 8179225997 1229360156 
0483252932 4660590007 4675382891 1358876966 0502304327 
5464415772 7204135535 3431069230 2099040958 8280284249 
2545660922 5504736786 6335359776 7011475477 9378951221 
6395039174 8837006069 2083214313 1056511403 2165914971 
6054503315 2608756244 3039751201 6270444756 6549744508 
2910844914 2753286512 5788432014 3371916195 0742434585 
4267127681 1026007996 9773273109 1087404071 3888398593 
0205685477 0568128370 0324106099 4880891203 7233751569 
1677129447 6770105736 2851752692 2673867332 4904110576 
1883634334 3739931740 5736193536 9077705806 9918700110 
3875506825 8651233963 4192984733 0966787573 2032904837 
0056903353 6216837286 9158682248 4931645864 1309955612 
8076135431 5839479796 5036457984 4225293998 0325213460 
9728622695 3626724707 6289971779 6327633461 4112070415 
4148305304 4019675458 1623598606 3466572733 0574033424 
6756825399 8855700384 2039565097 7199541002 6837628297 
5119707156 9287780588 2319026171 0147580089 7373783464 
9921004305 7076158595 3225073361 0872957027 1507431229 
7920313721 1031512057 8694581824 2017418320 5651511753 
3812845799 8173296130 0097228591 1308282090 9053314760 
1196781850 3836753034 7047000578 7483609975 9090912963 
0344182765 5051198429 4261174212 5017453108 8376152772 
1032091623 3088335710 2085772162 5950992529 8643641820 
6894396569 0856477512 4318290301 8353395109 1146751371 
8534246305 8517707443 4321613169 1304544562 0729557791 
4988904854 7850294942 5186992301 5642048236 7299678208 
5432770817 1399372971 3647285516 2369102809 4394904980 
9571114798 7353263361 0861544909 2136210719 5786271826 
5898464545 9587009069 2492488205 2343511286 8738626912 
5293356955 6562440153 3344756716 2409478118 2657115595 
4756699368 4235624999 7922772333 2856784786 2452694981 
3038295767 1588368253 9034846167 1496801413 8599194055 
5979179178 5828197578 4812372478 0229627342 7132738070 
1712131593 4540225441 6861464162 0641854955 6220175802 
7171741932 9604030724 2855759140 3748752412 5583648684 
7826530579 0211293015 0460093009 7911328939 1102092842 
2212628874 3972398792 9998722171 2680244269 5704364082 
6917512394 7288580976 6317352190 3477402078 3010825008 
2306867481 6599291621 4204378559 6907008396 3431749157 
0400704911 1330970230 4687661585 7483135080 1444759928 
