7512520542 7583408433 7654387735 7558113323 3224458741 
6913044623 3328853040 3416818532 7650796295 3325671968 
0304662622 2693929242 3381761474 0621769438 1301816446 
8362506028 8786882638 8486228440 7686498705 0543822925 
8065848704 0403556257 3256749520 1114319375 4775407709 
1962079537 1814882506 1663069254 8318888716 2368525155 
4848108075 7453534756 6506910899 8902579006 7471165361 
0446354848 6258453296 0111660552 4812366581 3348443402 
3033838766 9473085311 4682295290 0928520339 7072972478 
4595032639 7304709692 8772755667 4107879212 7067696914 
7191629646 7784842643 7554185756 9851081658 7182715147 
4955036156 5003713207 3805452127 3860737134 9328329950 
6794838104 6672169613 1667455649 8386410665 5385195711 
4779798978 0405313153 1304695355 9560125012 2307301351 
2282359030 8974131531 8724606576 7650692731 2075405356 
2280539695 6670940455 4331001699 2009340160 3015109670 
0708703308 9628658695 4811171164 4722242956 4592624702 
2843837363 1682761826 3814545273 8190115715 0895220166 
9555895255 4622067920 7427677769 2308115226 4751106824 
4339134165 0025240406 9330258598 9456339270 3641944075 
3978120082 1821358504 5547352157 4804387050 9653774461 
4781134687 1656555888 3519727921 3185045506 8355394307 
6050369009 3629623878 3640866701 2944398938 5444418785 
0881588375 0876290001 1444690128 8812955855 6775237521 
6598684934 3242206433 3126591574 8872953995 3386225175 
3806821534 5051124474 4094691104 5116323995 8515057551 
2312582940 1236747715 1579026785 4663437832 9976843751 
8167132466 3954643020 7887683845 1413313112 0043836272 
0947289667 7974394888 9034039333 9347714916 5560987844 
0626123581 2235129549 2562595858 3191636244 8449112395 
3657658710 5078807396 7088109766 9121051336 7202108849 
0924983481 4108085147 1979311983 2560149134 0711816926 
5377176694 8863256773 8508113099 2939242797 3112696774 
5834906089 5901467971 1219754532 8687949100 3849694060 
7005645672 3771053491 8906445065 2802955744 7570185785 
9353330253 4373141442 0530358189 4725025659 7419922390 
0855033384 7929662370 7672334636 2903759950 0875430750 
2579639741 5020398849 5903758576 8291001734 4100301639 
0174848563 3064220117 5201778857 9842745795 9125026072 
7814703573 1188031082 5407223370 5618403981 4643086670 
1326413991 0735002441 8877255635 1318020125 1858081489 
7540973697 3081487305 4088717373 4744284091 9291643424 
4021024496 4263928735 7398240381 0584200373 4586953107 
0327979850 2293094662 6806901792 7241787098 0625238297 
5492674271 7401093133 9084400603 1771503988 3971756517 
1566425066 1408635197 5457345974 7328546035 2577081637 
9080538731 5806922805 3306986610 7176170472 3189417223 
8541326756 7686410850 6936197728 5088089991 2059322947 
8701723659 9579112547 4049023042 1735611643 9548935384 
4038661966 7832273836 3099111005 2858370782 4962506145 
5188256938 5163576399 3030755907 0740917791 7689600909 
4216626863 9945930987 1665187527 6280612167 7655991791 
0290609779 8876029113 1293858955 3501801828 2822842512 
7176741423 2794377249 0834468421 5709467901 0491342939 
7381565935 1333607061 9125183966 3489878904 9470872644 
1344580810 2413965253 8971443908 9177752252 4117802201 
6887498243 0162373290 1654238958 8802987575 0062831044 
5539487277 0124930831 5249497974 7126764811 0417923690 
3256497908 6214759140 7233856998 5684899320 7228126831 
5037098991 9313076022 2768091775 9601941966 3136065337 
5426514541 7078972656 4216949912 7767201935 6518712974 
2389742007 7422706008 1833146868 9266029409 8085839553 
4529813264 3374294839 7137157826 6348938881 7585285996 
4321524684 9202217050 4236438629 7153170378 6120257828 
5472396855 0109472648 6865273393 6132705317 0918496084 
2867973063 0043616542 1346267661 0101700359 8757979069 
9862232054 8802641853 2486292510 9616879659 8076953897 
6545361454 5744554001 6522391424 8148929729 3814279062 
5588597012 2387283489 0240573855 2464234439 1199345027 
2065771715 2104991279 0899211699 2426409704 0941620723 
1803949694 1688985426 5615303280 7224682554 2458111142 
7009573232 7190155988 5378957557 1161924596 3123390013 
8923872721 5278612420 3816814896 4678214166 6758766918 
2854585244 3941373067 7146403734 3309404136 4476929357 
8325756754 7224604923 7725453066 3122614055 0175638115 
9994319702 7883656146 9974535618 6625199217 7475878966 
8022046667 7625977438 3389956603 9040362829 8614827021 
3861905360 6636684579 1514514912 9662414918 9690080815 
3987865583 8537811570 3426603443 0482255013 1978660476 
7627111519 1413296063 9612967956 7514855605 3596642717 
6487338775 4842166807 3267934468 2737453566 1080150860 
5743399198 6215295787 8761118559 2447235271 3169009007 
2760229277 8572040739 4928408102 8003889856 6540215556 
3337562229 1458982640 5817184880 9035219592 3229845591 
9169463929 5796753009 1549871090 1410398873 8347924936 
2893105797 1150462061 7690105468 9301366912 5649607645 
5191053362 7317915600 6459648274 7654805723 1889471398 
4109860130 2864866561 6266629576 2500981783 9445743520 
3937949163 1861623245 0841043616 4555398170 2333968280 
7540816067 6789235051 0276470520 4099569714 8193078321 
5993225562 2579133690 1779370937 5425041782 5765707059 
6223970542 4120671641 8742464155 7566178175 1832110091 
8462648717 7650911903 3457230778 7317880484 9377654425 
3945247149 4240914793 3707351348 7876314576 9851002496 
7498296725 7183895783 7846494786 3985440231 2145464070 
2316093210 3605559461 9547608318 4107815497 5855244947 
3221438932 0523373497 5829477293 6978542447 3319216585 
3383175552 2494658487 5939746120 3136817692 4912879005 
5178403707 5161061508 6328433445 6738495665 8915034942 
4052007897 4138322121 4924671798 0852846342 8682044702 
7578369882 8657304473 7017987549 8833918216 4436320438 
3602752611 3090044610 0374779902 7949076124 5993811240 
5161919960 5965139007 7909634293 5831190343 0562435671 
5734095056 1636287482 7820587615 4899881362 2840063195 
1119520178 0809674906 7049765894 2820319324 5913242559 
6171141643 1669441618 0155240661 8863311739 9506879643 
7781553809 7222929745 9868674364 3437724460 2250082170 
1314936991 8140245420 9157676839 5501316818 1074034283 
0411268652 5498680326 4579323184 5029509774 5201389805 
5358194141 0191319848 3386798555 4819940171 6615848836 
1181485049 1864675639 1772863305 8374665125 1909951762 
7862182217 7837392160 4284381236 5855035987 7683167988 
7691766786 4037696003 3967280640 4573452597 5201932854 
0390384327 8475185561 4753102263 6373359384 6397999451 
1977345685 6654467428 3895819110 3508750244 7542075011 
7547265579 3430406416 4481640001 8548961723 5736987650 
0209146312 4400680506 6561821132 0293368595 6754722666 
4660246868 5420080392 6074056629 8299662282 7886673306 
4506550328 8416293882 9562588755 4096946807 0706581219 
8050857892 4056678207 3019132006 7060364216 8364916525 
6313537762 5483089594 8420536098 7229555827 5245931500 
9433419009 0781546711 2257271079 8521222737 5561583261 
0302392053 1679278861 4118329822 6459755765 3404542346 
1049029572 2395875331 1957961950 2289460503 0835697403 
1984824793 7503897398 2795389920 6897189129 6270970268 
1601799948 8236851544 1024906345 0379330463 8505980500 
6893688509 2159609249 3454617018 6966470225 3261938819 
3016821226 4843687779 5239618136 8777350178 3987601428 
7972084836 6410773287 6428869253 5871469783 9726188810 
3384503337 1181517114 8471575357 2829111377 1363131977 
8212024568 4609697774 9219637968 4737496910 9456442146 
2352746752 7261285301 8007895735 4303275355 0589002760 
7241710824 2779772273 2735900626 6638666960 1352230256 
0850972996 3153757824 3379250716 2172074406 3331379638 
7517144392 6623811455 3939004388 6785184247 1758753790 
3066366609 3268883193 1210323207 2351409070 3360541657 
5082209060 3372016681 1388503146 8464451916 9504365588 
6615212595 0693828434 4581528708 7122829314 0727555933 
6996812109 9035159101 6421256071 1075765634 4306351170 
5673167435 2895819475 4952161142 5193110025 8904134528 
9007507758 3181812267 0748616937 0511374740 5144794546 
1979530174 7600610679 3453483773 9405521359 2998818346 
5458679825 8758604317 3404055460 1182336493 5533063590 
8322439166 6806121029 2859293099 6275724503 1274894390 
9642963320 8730774671 5007773300 8339343158 8596370124 
4337695776 9454826077 1609767086 1548166679 4238910350 
6090461460 4413039687 1368948867 9983508780 4068064381 
6217724063 4791781191 6200629577 7701399370 9343944321 
7249722182 3195212537 9413260275 3367456855 8608844105 
9085112302 7060655379 6894861190 3334311829 3391087619 
6185654145 7096893874 3695706123 4280197733 5573896240 
7681631584 4335848770 7336072070 6401263672 4168412550 
9830095138 1957688615 1246486601 9104419000 4053873335 
6712015287 8262611453 1444001949 0501156417 1801462355 
3003346080 2176758915 6147995037 1467332745 8150272811 
2721182646 6922555444 1318839859 5093341962 3985945561 
1849476747 8653220714 9201414043 5873483891 2071052581 
6364490692 0398813879 2728992853 9884606794 6999733862 
8784322251 0037432806 6659264199 3060846936 1675677484 
7179955538 2249785746 5567250556 7489493096 0003881116 
5025990005 9937401738 6660470626 2123885284 8170109467 
1013876835 2200253700 4909446671 0475579000 8627486998 
6075801005 5989739775 2748532074 1834661939 9378999761 
0753993025 1144261568 9204855197 2307840758 2278483831 
2358647816 8286347239 7050703377 0155108037 2168639415 
0717589120 2523520030 9364453816 1000890881 3050203916 
9341159108 2327549299 6997841354 4833229671 8754241822 
4655200379 6227904310 6977024167 6548293949 7616404950 
0283098389 3942602243 0461690484 3558047477 2240387178 
6693491539 2885786302 2989243143 6841730470 3015701090 
2306067503 7024472003 3264134872 8560100321 9723656520 
1590949293 4148262122 9998231733 2073064879 6012037972 
7647315563 6303760929 3837342346 8209183320 3420880375 
8319968924 0992749363 5290735649 8472392751 7964835646 
0381131807 4452718462 2345859794 4972284318 0527406250 
0057844200 4830052382 3875108485 5426648661 8405878804 
6412068103 5919898396 0987271311 5064108184 5490455579 
9276094354 2184006717 6453548615 1052824756 8296268598 
1806029377 2829879244 2529438708 5412073102 5294049832 
7891791277 4900315217 5521488252 6034714160 1819538454 
1767118062 5218368758 1941540703 6768156157 6618172047 
7998692331 4640336138 0334652040 1842615803 9026418253 
6185722468 4486061288 7368699927 2027416268 0637666211 
2069290346 1969545811 3643447415 9871401892 1166046622 
6582661590 5420697639 4359312366 2045528756 0342165003 
4736011943 4225614914 0320157941 7118517154 2756396517 
2568645384 6709545248 3713059489 8582559745 2775643783 
7209390373 7606448757 8053808966 6661399183 9630554346 
3515315481 8588677926 2912725363 4262889852 5685446469 
8144974618 9241495863 6636719814 0065068588 8608602242 
6733798812 7687969406 4970299154 5245272132 5754281953 
2491731150 6620858665 2077490952 9651007534 0404922735 
6548282957 0256906293 5888169041 4651069717 7724209554 
4613025854 3817863048 5080605899 0637380905 4306950261 
3842422270 5375354598 5909932669 6733216515 1948172534 
5327473336 0274472585 2724539478 5787049054 8475863311 
5718366332 3591323475 8825934064 1521039072 8719363267 
9637592847 3313161233 9781549856 5077459574 2630192501 
3613442181 7786573268 4594980392 5741969699 9987645982 
4956709409 5595490645 1431929975 3296990292 9018113346 
8491893973 1673374047 3761021534 9790280131 7223379127 
9986391471 0105736458 0882496403 7793669144 2602252243 
2918220359 6947965229 6324150462 5930376366 4328408656 
1602312161 0990271779 7940482442 3743772421 7545327436 
9030749262 6172588806 5223326141 0603381653 2093232026 
6991087084 7586819856 3990498575 0117619963 6905969925 
4104368753 2918190720 0415759826 2345466727 0157369711 
3335704140 3209379345 1266060707 9906558687 9616157998 
4934109540 9032124365 4431087316 1586375727 3748174501 
7866557379 3984866922 9117599204 3422476006 4859760054 
9782806294 1873914749 6645660197 6892636165 9828965655 
7445804099 1426890947 2497067352 2047011619 1536009452 
7363253066 6440201002 3201873227 8197614868 6634898913 
2734701444 8203242931 1784100915 2833330376 9111970512 
5251189029 7082942974 8839813714 9977805278 1649343705 
6043260053 5269810691 8986588689 8161088992 6992043454 
7815535740 4652938225 5475792396 5125781698 4986734218 
2185312407 3431152960 8214112091 9999406160 1015821912 
7373016501 7695811861 9036689779 2756904678 5710181059 
3937314388 1192914749 4435652218 9626028632 5866365190 
1745365921 2186387681 0777420915 8364690909 1651827398 
0753103066 4998062448 4927747561 8845297329 4727139148 
9972684077 8589778686 5604872330 5752422857 1724734436 
6674181812 3270841591 7914786168 1978003287 5242194648 
0119315937 9351523941 7409041909 8412578099 0903889407 
7942046727 0491534500 0248604274 5530730683 6472220758 
9308219944 5234721452 1842825620 9291437681 4387802139 
6936399786 0221263221 0982207735 7144129412 6406537652 
6428543482 9706936551 1680672830 6148155350 0677992734 
2874671740 8366660205 3729220484 8408702523 0125857179 
1456966579 5239635968 6270645903 7207268058 7943981340 
0667670141 1765812522 3348104838 6867717405 8797368961 
5599621784 6549730739 3409546604 3145860154 0495615776 
4561673447 2126427468 7461408302 0638793598 0428496622 
4722325504 6609523176 8172458636 2611284833 8740765075 
8288956774 5895887361 0951974207 2321262333 5561519338 
2471760218 1868389530 0679750212 0769043883 8128356258 
1450125007 1190271565 1443462706 4814950590 1969961390 
4056079067 3726072411 2924471994 7702838483 5318633298 
1761999473 1283314491 5968777504 2903279770 3476193806 
2955123840 1384229100 3576769296 9859590544 3982892666 
6087801034 4059670559 0520766837 0210159521 9513945447 
7311874107 2352794560 8443549466 7607928826 8193567646 
6658916136 2140424785 6427926815 6254485063 1668526832 
7524656002 7477652412 7942705341 9348280546 2670281599 
2453912487 3937558094 0125919778 3465336557 3562593766 
8087699752 5746027021 6696492529 9837753819 6938462547 
0851886151 0475226475 1364891883 3573818916 9712195832 
6810041957 6537702119 2118272566 5088966824 6750486669 
9659885042 0411916153 3208988567 2380926018 1428117623 
4479558294 2880858136 9886073727 5497491213 0687437421 
9430148667 6625969169 5195368856 9117493823 1969755955 
7940217938 8737225151 5997140544 7289708395 5103654866 
6281965036 8486846610 3927455684 1436359017 7744038756 
5120807714 5636487772 8443833156 3572496836 7563148103 
9438968092 1192823374 1450761863 0565777737 7941453330 
2578207887 9337135523 2819306677 8103474487 8814533022 
7671159824 6301467739 1318064699 0171453231 8195729640 
1713829934 4586652810 4239029204 4042050301 0850372288 
9707226673 2041640758 3835211625 5472935420 9770671865 
2620762946 7204363364 3273505663 2041125212 8722589414 
9976280468 9148555075 9736146505 1176412579 3028369745 
3203604650 6156923811 9721325105 6180613452 1343817681 
7327628414 1810216441 3417024917 5584365681 1454797775 
1958280662 8442497503 7917477236 2042042450 5736306091 
1154840242 6995643360 0353014366 6597511828 0328039534 
2105404919 1030567314 2107541302 3579348772 3423907395 
9389300436 8913281485 4688219705 3482680640 6133447603 
5746590906 5646098009 7171769957 5204375563 5452168504 
4224390827 8083480721 5680031213 8051374475 5738663358 
0661289825 6952535572 3266307395 1954063697 9469139273 
9195092970 9929134880 1486760727 1497851682 7026905071 
0767896576 5304404633 6262688872 2627429312 0287517384 
9755421431 5049989074 5646121569 5542535701 5201474626 
5873588291 5448693671 6821097263 8770366929 8762703332 
6926764051 1235659178 7736324770 4611611875 2837864088 
0382801363 4904145085 1318295587 3803365715 9237554043 
7403660094 3126624937 4473501836 9408835012 3180570255 
1089418469 3666883038 0623604361 6899868181 5046281454 
3993708439 4672379528 1953032886 0609963154 7805411053 
9798317391 0481917987 9337630991 8240071636 9535925678 
3586699908 5256828346 1799920448 4921582868 2554266066 
6948065905 5883754767 4778900630 3076397732 0119162644 
1931231373 3282236418 1193438305 0586585544 9829986899 
1146681311 7119421891 6017937360 2575963218 5321048687 
4992047347 0299426787 1276133342 3766834282 2565756501 
5748972028 0343180320 6244849572 3097390057 1509314538 
9184344943 8283973734 5157998051 5625916432 2627014186 
2062369447 5930214105 0850281203 6049109939 0536847805 
6021662704 6368552572 7413290604 2289956351 0252284751 
9070308253 2738499555 5330449578 0330902592 7531635221 
8098898826 2911598033 7112570172 1767669045 4568064922 
3051574746 8915571710 1756724035 4189350611 2888730240 
4314431986 9586521866 7607330385 4903602774 6096354501 
9525296534 0703015970 3240985115 0252930588 6567190112 
5083284714 9680648943 8130078371 8623924468 1790216217 
3569122887 2394802164 8464737751 7681894212 2207103565 
5596507979 4844990082 7193552814 7914340403 7138717208 
1760903198 8564587461 0810991059 3691774379 4712879368 
9503247741 8648580648 1967995614 6436708248 7089936839 
5131507203 0565303007 8868598203 6072066991 6737616414 
7566542877 1935359104 4521169167 6928163963 6456297834 
0737064788 2740618340 5435707741 2161383202 8737879037 
8585893274 5536149564 4612550505 5478266874 5445509088 
6889469271 8598894942 3449507483 8218501843 4130323620 
0466807001 9175045926 2840838505 3643126768 6980340268 
1158070981 0345898604 1308417355 0995694415 1799175432 
3348063307 3261339139 9797880003 8210913276 6014549611 
1570428580 2816067516 2338135386 3052429563 8330950320 
1928781641 3249223004 7611795358 2495605914 5300042464 
4788062130 2468978655 9692629257 6357402879 9401356921 
1675539040 0269966455 6025682972 3695049590 9960271709 
7381666168 6780048327 2929905942 8102968161 5746963060 
6061010622 6717021253 9667479513 8938137485 3895351757 
8329451364 2600693613 7777440005 6699301740 2011366773 
1787704469 4506012922 6074969110 6157620763 7893345041 
3733651195 6003290783 5235964653 2657474974 3528672111 
6298075675 8510838501 6069989693 5867152259 6463057009 
1390876287 4164925417 0816909684 7309548860 2332982888 
0010165296 2808976987 7231969074 2102700934 8880934455 
5121881883 3651978431 8535596067 4763507221 6117872873 
5639465655 4342761406 8559412425 9121417078 1163030801 
0192587621 9938098958 9430509396 8251827713 0330334926 
6488532956 1879526644 6319063493 8964927974 7796305818 
2377606580 3540227966 9108180932 2672514261 4287685085 
5023403639 5970562141 2515137620 4672244428 9799785545 
4131901372 0560029456 7063403824 2991780751 2572448446 
3577152589 3472233684 5268000504 9057940765 9261183404 
6276469983 5321989331 2711732710 5112938774 6272008131 
7263208671 2472478310 3695325057 1166846693 3919993838 
3416530133 0924772942 9358470743 8826342400 7013217132 
0972827494 7961163566 7826150715 6628250212 5206276389 
7515665851 3406045529 0109261126 3816622423 6689927106 
4904188627 0014421128 7359239399 8250056580 0643250607 
5094589358 5007218072 9322308246 1082581858 7467133406 
7334432680 5154756527 6112290094 2154655618 3103412687 
0172286541 6226907574 4666374025 7850581983 9033726685 
3912834251 1388977610 3701554705 9697842843 8121104166 
7496423619 3689840635 6138762279 5954521514 6892881328 
2394396366 1294501387 8167659092 9250897532 4716691236 
8348275154 6078272804 4518243453 7596550492 5680648532 
3099928145 1475345509 2755527796 2794142455 7440525521 
8825323955 6250857211 7996353019 5675811774 4367625509 
7319751155 6514845137 2854240749 0483808199 5588091516 
1179392191 0426190928 4857816139 0514823147 4455310151 
6159178414 5999471223 9051659694 4103972729 5741158339 
7459390620 5007758070 9596765898 9249614373 4348781563 
7744208374 9991461834 5134117857 2135657651 0028821653 
4378838906 9722998862 9462268685 1956288323 2057053789 
4217895936 7844899972 8380822512 9585737429 5653148704 
3040321954 3301647220 4581397905 7452880207 4728588103 
1140858798 7472118632 8648984473 4053114604 4004800111 
8964742165 7199931158 8903720590 0314664181 2617920911 
9408878500 6677801099 9185461909 3489266918 5091189985 
3281758015 6149634425 2727420213 2308326262 5378297537 
4780849648 6205747377 2980595049 0214555010 8969348064 
5109743330 0599798555 3203313182 6917519159 1950065584 
8843655165 6335235079 4974414869 9554593468 2666761749 
8419319232 3919858493 1429070339 7249074104 3353155071 
6185771284 4527045561 5148720821 7879010758 0994599078 
1903407684 8455908034 8525612112 4463883238 8776007725 
6405950585 7614506172 9291017634 2106201632 2763133570 
8698416113 3384335191 5955219934 2391045655 6597310082 
3169947997 8456319598 3411430563 7058884135 8572324394 
5999371608 4515443224 7333257474 3269029321 1134055360 
5260907241 6883753354 3614128702 3423782527 0895382357 
6585165964 1732811004 2367022479 4265894895 4200246277 
9779309893 4507602136 2417137031 0651327597 5961348992 
4270047047 1725333264 2277426234 7566320225 1798424952 
4982127655 9511394568 1412700766 2315485158 2573596335 
3826717922 6699363339 1806685509 4802896639 7016335803 
0635777920 6151292995 8681816023 3278268287 5613869534 
8983385807 8404867756 5029162328 1022321262 8623703647 
1167259091 1162207449 9444703371 5467171935 5796034064 
9572183991 3243157175 8689056357 8201193562 2777763421 
6236724756 6768761722 0610152133 8942884427 5546380391 
4298293409 7063768466 5116996845 4977492484 2162345498 
7901900590 1223071102 4880588049 9208202673 4152133452 
6194822718 0404524659 2288442955 4190815449 2145808904 
5704939272 9832168834 1342995368 2586746410 8367284683 
3132874321 9812300745 1303144400 7683574024 4627809770 
1300214218 7123511884 4390781428 6457148671 3031627438 
1405338857 6038852946 9050776911 2439640284 4275392116 
0112468485 5885908711 1204331369 8335512983 1770447543 
9527351180 9456262736 5072134238 6754878162 3509663987 
5898907810 5843337220 3975442049 8618992145 3439457001 
0766993023 3340450706 2355822832 1979391210 7163390447 
8457406495 9683736835 9996102705 5981093432 7545718226 
5819162737 6408326491 9446339254 1412570472 7893001218 
1409950288 1776632184 9854530856 6679007037 6265770583 
8273174956 1209175232 4760127284 8854422298 9867998826 
6283950867 8945771438 8158096755 0580114816 3295101341 
7845494953 2484743502 4616682604 9086054349 8626070769 
5220684576 9308881019 9363886020 5690810166 4505187218 
1500574347 2746924004 5662801352 4424290432 3796847683 
2649959785 9954187679 6098882406 4974266522 9584406972 
9776191462 6489783151 0287400669 7923620332 0604044535 
4794419819 9894752531 9571705208 5531617779 1641077276 
4613921571 1774029913 5555015167 0979661965 2406222291 
4160997227 0298654087 1469079193 2911101746 0401206520 
8119033479 3350740933 9673354381 0667764425 1621091064 
0978277403 9347240922 6971399864 1932401833 6762578795 
1661669211 4857084403 4731109857 7186041438 0657030581 
1408965227 9903370706 7927777173 2401960636 6905990239 
6600617475 9660274364 7723341713 2112564069 5730430073 
8718969760 8262537784 0761689045 6503696412 1017260551 
1050631805 8783071771 0457167891 7209315551 0051312624 
8850749712 5708827760 8184629735 1566606413 8131857756 
9232194221 6169819818 3386159109 1112129640 6834764541 
4987489259 6769391552 0889997434 8348251097 7171733477 
4849042415 7044765736 5745775288 7031370873 9190721825 
0577299317 7204212596 6177890946 2781073748 9396727533 
3669497759 7757614013 3909640059 9495991247 7424058226 
0227674347 9140436597 7500711749 0687276269 3456375287 
6279153861 0334809869 2957428984 9008704137 5521603759 
4678764398 4362695913 7289972377 2007314533 6673352699 
6836629260 8565705839 0388235938 3118961476 3613317043 
6652976443 6074940164 9697173956 6002324847 5312782613 
5116274516 9349859149 7284257801 1566354011 2574883834 
4957820547 5651348675 2535339309 4929877785 6682473832 
2471363412 7815663824 5905023073 3983253608 3003873024 
8396399541 8402866298 0876689960 0543606746 3747817597 
3859320010 9703840094 3290848252 1486078558 0072030283 
9262481484 2107356768 9436508478 2917239431 3537730783 
3828620452 5607937143 4798902477 5448000157 3891165778 
9491143660 0367935436 3932067762 6302110521 5210135921 
5469454499 7058887628 3657933406 0613239110 2338123478 
9116513396 0648232734 3027611585 3432570782 2596745669 
2639944506 5492819990 5402788150 7062990362 1350504523 
1732501367 0624394106 1807667613 7866141456 3785766044 
2074924229 2697703498 4501265149 2167176963 3105167672 
6784883729 5490056786 5723978442 7631134732 4977198906 
0076187591 4089607306 6582151384 4913456155 5571151084 
5132159738 2911001114 2873895994 6162393850 5836032323 
4420828814 5043391507 3780818631 9372078380 3113641758 
3734875197 6507933520 5354261064 8396468002 2831803234 
7662678243 8970343828 2856767409 9388012245 5841828250 
6165887184 1917739713 4842495575 3553615428 3510624483 
2821141075 6609679699 5104825227 9421587069 3151868682 
2890659905 4454289767 6834078428 4686635169 5073592900 
5944652517 1865184120 4544327116 3745245912 4940510317 
7497432716 4330478610 4252035794 0327121038 4808446436 
3330137152 9014988427 5237794983 4574799875 2815119651 
5943440298 8721491706 5555918493 9637362023 5346368882 
1813143720 8134936589 8041885261 8146166856 4638974283 
9150595583 7039471238 3217345273 4821361569 6128326308 
5165038215 2956508420 8247108348 5563684152 8927797777 
7563665982 8621565022 1250746116 7590321165 4209654147 
0122942838 5457567214 1738992979 9800524641 8168473348 
1802173252 1988211950 3518467058 2808429271 1592599970 
1537509747 9007950930 3318805655 8010139808 1229845654 
6816187153 8579928128 6103766006 8440830849 8397279763 
7004166030 6524614826 6042831177 9328935587 4205593451 
8813264760 5029917983 3827163739 5986023588 7851346092 
6732319515 8872972924 6677097635 0989467701 4028229224 
5909364931 9251931742 8596941523 6656465995 1119254685 
8864800103 7779316307 3879444378 7115163435 8086838550 
9803616734 1177467955 2505415696 3255517565 9300110987 
1034383335 9200752031 7718713211 6942973736 6650481616 
2281397436 9194360219 7933189113 7147757928 4604851057 
4542832874 8179328722 7871096158 9682604151 9103216035 
8867794747 9259298850 9994990492 1648497138 5441255339 
1673798326 9837424487 4127454709 6206337139 0474048360 
7941575293 6336390448 1795414111 7349362026 0485120123 
0536055436 8887938629 1448078791 0052555989 3282527733 
5435924706 7399972692 2739927756 5339725669 6715240967 
7307351761 2992214202 5550653142 9549087426 1705335850 
3331777460 2589152893 7886543076 6613971869 4743502046 
9696687505 6766378250 0133665443 4120149780 3953340948 
4305880408 0871386953 1589891754 4323055761 4844599297 
1287256207 6470023808 8330825578 6375448067 3545385987 
6380858476 3650695267 3628098611 9900402679 8113020461 
0101944598 0359274353 0574492962 4227377339 5520169158 
0053320669 7551301973 1133703912 5611913305 4329794169 
9192948293 9055726795 7952817726 9687932911 4257773205 
0021476019 9698152202 0615245179 4238984581 8526827978 
9797440541 6564805621 0083302860 5473010316 0503201457 
4051888761 9845350296 9999264657 9565001904 4827824173 
8609540179 1037025463 8143624452 5088702922 6639233664 
0435196780 0356654544 3642503625 0795296489 2139065648 
4140182736 9714502145 2643164662 1003738099 5041855887 
4896308246 5740733426 3002530994 9781559142 1287519705 
2710011571 0171637749 8833787956 5686539344 2661195440 
7741443992 4874232060 4226615977 1478006548 9643349623 
5839622113 5312572898 2013559848 1565702045 7482109173 
7378662802 5393070446 5543688974 7490658477 9494095981 
2244787432 2186601530 0973454802 4696172671 2947787951 
9441513440 1730118832 3674487204 4780623663 7003524258 
6176568380 8485736885 6902370922 9088212227 2083417008 
9791292565 4354194078 2689930557 3151916990 1180705018 
9588596474 0481390462 6097073419 5449422706 7754033537 
1029648360 6203275561 7310215914 3468441553 9095659097 
4654992791 5376332947 3599602008 9802640794 6829253612 
7789832058 5360585618 6118945140 6113222427 1286111668 
6725025703 3634886315 8571739711 6032882123 8663749187 
4566260429 5318985208 7917692798 5320596870 8273206077 
2049087562 4976239850 6391873788 0636107372 1159075733 
6298970566 5746883773 5159852306 2078348566 7267399450 
1972457061 6041702865 6143126685 0797557168 9508067386 
1961335761 3077933856 6529426117 8995576128 2203962786 
1630366976 5729274631 7600522624 8813002620 1593446959 
9332301304 4439085141 4406961294 9095143511 3240437281 
8037803052 7016147459 6669731823 3961655755 0910094477 
2011231301 6992708211 0437284835 3646580227 9843531764 
8760439520 8073622595 8640787345 8191531059 4558252403 
1075377215 7432145713 4477818430 9844749991 8919885723 
4881539219 0452015661 7192555429 9875334540 0238110974 
8520270053 7114712389 7974701015 8547538626 8028132317 
0286201290 3865851442 3644864928 6552358171 3720293880 
1752941010 2252028569 1187186079 6450108765 2984253297 
1631174418 6507520187 6929274642 1061313176 2030850679 
0665882560 6161624512 3298333856 0212251996 1320728581 
6407020906 2312718344 8482230078 9404092439 1632745240 
8745667813 6735570039 7551427807 3920034353 3132128228 
7328689542 0618818832 9141890423 9295829349 2930594813 
9194192101 5430324356 7447699243 0684895495 2023954564 
5503065047 0971258953 0864100115 6968732728 0575346288 
8209289499 8037694276 7152372469 0745276874 9411737611 
2489070191 9879296423 2474948371 8639132922 0403340476 
2728529048 0570200588 7722635976 7881747157 9821421764 
1766434900 5485153222 3351305020 0474266084 2602758111 
4308115877 3578536814 1365683667 1339174031 6070565037 
9085284322 6782164643 5930151920 7099123433 8444761974 
8970136375 1895168498 6306334712 4393571993 4533251192 
4340248672 2685096712 2444228095 4862096706 4207146038 
9235934010 6844004753 6963864975 1359735833 1093783260 
0190925157 4431920376 1229377089 0557454362 8477384533 
5137564981 1641233689 2295228886 6851999159 1629961786 
7208191837 1734730700 6822812701 8606502753 0298339014 
6699957479 4461070267 1611160278 7170650023 4454852655 
3180461527 9803013588 9431096643 8222475439 7716230467 
6463531802 8199644937 5662371151 1605197875 8708342921 
4674980001 5297141091 6725705796 9361548756 1571782358 
3111771013 5901253539 5568712745 7997201759 2606546190 
0593796089 7846190272 2181450723 5879548427 1499133150 
3962030512 4110916504 4196697558 2513218186 1783569427 
5540614559 7270535238 2673571102 3180819720 8539486018 
2205482689 8663602869 5668183486 6852454461 4408406952 
1826332804 8760444691 9008266967 6296454907 5457223692 
3327441664 9131955648 6439945889 9338775870 0988054331 
8639985540 4932306776 1591828592 8743896057 8046409842 
0897405506 8329611397 2392222269 7903646977 6787551730 
3966644741 5747265846 5478065963 9564895358 1955700357 
9716689122 6946992715 1284486477 2273981174 1814886633 
1928994659 4706008921 1318989429 6771965704 8618527686 
1342368815 0000417238 0028297670 0527792276 5540848554 
3334861688 9849738718 6788618987 3232380042 4009638640 
6798435171 6251126972 5924658678 7211070538 0153194957 
7164948506 2981579894 6941714282 0421641655 8665990728 
6198493849 1754802695 8461964229 4779314981 2238364153 
8557038089 7890076139 0103234971 7969632547 1965649122 
7455826354 1323414243 6435745947 4929792785 6960776359 
1484728012 1218205712 3722912544 3324556605 3407484951 
8144676905 8959806952 0034923001 2498661937 6210850051 
2364425478 2643573382 1329660966 9731653535 4256247308 
0902881776 1133739720 6298364305 0540861940 6221838502 
4498547566 8721260067 6339743731 5325783835 4874824409 
7809739336 1487310202 3904533809 4741597766 4560313768 
1106298921 4090166123 2700390050 5022947613 5188591241 
0647065603 1298014608 8899492786 2354781233 7075637352 
4321271800 6105308551 7170340536 0330737630 1871136693 
5321769842 8260176112 1860063584 8965341436 0670914199 
7792464097 2114274495 4698914635 5548286434 0110401472 
2300847400 5897193942 5556775578 4403993657 0126377009 
2330401772 0157097140 2261897254 9024996396 2566890848 
5897750415 7130429271 5928933801 4627628178 0424512433 
4611567291 7087218116 9866958713 1261066558 1097155155 
5696334819 8442249377 2789984900 1691334065 0139225583 
7452536445 8711315377 4964284515 4005364042 1859769093 
2979007200 8362962024 6732239658 8374131752 9058662626 
9446735210 4426037919 3152110356 0615613271 7795833242 
3894101137 8308624546 2951409581 7189416538 1882609858 
1362550702 8147207441 0103228385 6977012126 6793214647 
2801159682 4377110164 0588292038 1222982282 5505648850 
2000903159 9084096698 0142501599 5974256102 2026318361 
7255711149 1392144361 1018533845 5682860703 1576644860 
5768250919 4621585069 5082849408 5301806644 9912071428 
6759898668 8412790646 5394835715 3197916296 8219164287 
6269125672 1694722877 4367226907 4631085341 9544061133 
6084871630 0832207815 3715481543 5464583702 5948503616 
7470707302 7584996723 1328096016 2936123357 4085051675 
8670470322 8598724739 8086473267 9403949139 3791308497 
3632414139 0294392845 7663835198 4218676346 6430180868 
9606921433 8319604221 0094720984 3976665228 2254436830 
4222054701 4325651194 2687039719 9293424806 3911831147 
1596792882 7659016065 8481161372 2944199433 2637690168 
2224343559 2607990882 0340023435 0990585913 9297715760 
4947270770 2830957584 2707091369 7704371357 5902026722 
7121355344 9733043050 6741037054 4077345958 4309227693 
7484039563 8204885926 4704386362 1119935422 5500002561 
1449708505 2705009162 8929604984 7398305977 0893141204 
1983770187 0006385807 8442617736 1278758099 5515950384 
6662074848 1572501821 2354082543 3798202752 5680745741 
7795530258 9468194577 6460653749 9326993288 8205395151 
8474085147 4436356821 0924250171 0525863495 3457915902 
8715221299 5365959158 0769737340 6864938135 6148346862 
5939742529 3493723922 9911260953 5278901474 1520946191 
6937523396 0791800588 8183785066 8857882217 4089302237 
6707892649 0559017835 7330290498 6104756624 0884046301 
7442091646 0792765924 0335005213 6975053666 5803340501 
3128071242 7989700062 7372915259 0701666746 4372456678 
7432560019 5554242094 4533633439 3919567680 4590871330 
9834479621 2966325811 6376546648 0890071124 7402815156 
4343463108 1445327339 7154323345 4492686193 0744837353 
2903424290 2270632344 5090815537 9512377571 6104927121 
7981853535 8509941553 8718219449 4270861149 6926208222 
8311054505 2601764694 4214984796 9162493833 5086438997 
9794372572 5850349473 3211236420 1564544595 8323210258 
6733821208 2720110236 1718132916 2813476936 1336231630 
0055518541 6994512370 3087471769 3475306380 9491488282 
3181146014 8473591765 0196830571 4704713971 6805417120 
7608541527 7906148408 1543527705 4711138661 9355191825 
5549673768 7537565590 1891589207 6743526148 8529376321 
0787312387 5720648408 2373753032 8846402348 8292875867 
4575174119 6425955473 2547129988 7844133769 7174478289 
5148060629 7501598104 1096517924 8737254241 5860607092 
6343451122 1805151576 8050395232 0798390703 8445590802 
4897675124 2811186831 1223535944 9536233280 5156428450 
9116382532 8468276903 7798940560 9730496598 2167747942 
9060522906 4271154090 7596304907 5004578669 4806442407 
9141604249 8973639622 3835534265 6882489249 0309401353 
2275982922 6761802139 9446801899 6032067580 3429397947 
9500581123 5633986972 7902367019 7762898407 3319861429 
7089945534 0903726057 6822344748 8692010297 6488719461 
8758629342 1317093272 7776916518 7100249899 6665855083 
8113356789 6174811392 4008069204 4146256653 8294522339 
1551604594 8248702775 2402656030 8024160840 6335831049 
9159313085 3947426907 3234720884 1191820248 4707573291 
1507212454 4689852685 5311599851 1179393810 8020977347 
3817493399 9888973856 5369940387 5952533621 7482394715 
4783480058 9460393665 9188928996 2175210471 6304660384 
4441237345 0910382932 4838945600 1298364934 1732042243 
2165642758 2862696462 9870549437 0864746342 7711852938 
2480439358 2160198607 0062171196 5918325918 0757449365 
5660319057 4210330697 5370732230 1404429391 3607299742 
3148218620 5712797240 8432297422 2530647847 0222877289 
8891720445 4136416830 1862059266 9478106500 1577273034 
6839982955 1105996427 5198344209 0994298239 4136155832 
6538840685 2983750196 1002674327 9608322676 6089824373 
9923045838 1935994455 2036471095 9082518991 6629159319 
6398638609 9844252455 9194442374 0980765055 6117505789 
6146435919 9255642675 9631196277 8375128746 5379652386 
6525681695 7003269642 8785072018 4716605737 9227252095 
2321099076 1127024194 9139628074 8169651494 3204319306 
4899696752 3523778013 3601715355 7941527226 7440438354 
7747834615 4171361080 7197104730 8860237450 3121389008 
1325624317 2049768868 0228292550 2433493959 9178274676 
9594115544 3098503616 4313163944 2573259674 6141758066 
3424492506 0402322028 0294698737 5182931270 6554137782 
9886195848 1093502663 6452075093 1961525082 0150239512 
8106961883 0208378779 1753142473 7800666136 6107125561 
3809568754 9097630224 8182547336 9577744250 1363334650 
5272962419 5150307001 6298234339 9091000615 5502494673 
7128843219 7235339945 2938067223 4196217016 1634329247 
9375744591 4665771562 6682851107 9209801382 3602779085 
2490861406 1323820470 2960336142 1239678916 9499234232 
1715288832 9799391129 4665253847 2686405318 7319793226 
7770276017 8715157112 7131902216 8364169453 2904519520 
4615033553 4734469787 1415224470 8770708456 1412083149 
8011066671 6520746555 3671878728 7374690498 7162762468 
0530857583 5228041919 9560732766 5917569577 3002879207 
0628730635 6228290710 9317225412 4410289965 6219439303 
3935979312 7298249018 8505998207 5302805818 2687345362 
6207698842 8838928963 5517726997 7552708928 0711983832 
7126416498 1358505660 9297466819 4143322037 6360160317 
0238645401 0380419337 5688745593 5123839827 6056529937 
9694631115 7362367658 0351575643 6802079790 9806973589 
2895033363 1027509478 4781357000 6470316765 3179843748 
9385931992 8446797050 5014658422 2778269606 7591977743 
1422848983 4622963809 5752245329 2343592235 1304412034 
5909610127 4485891405 0582747677 5911036197 1874811262 
5960272458 6676557147 2754939412 0555133622 8916904263 
8208357399 5206157239 4645174449 8991297021 1065709594 
4985564756 7105391013 6404655906 1659117790 6243645957 
3934607185 7771170611 1845170015 4545080998 8500405931 
5587509512 0616554563 1462007387 3944332743 9156540822 
2265516671 1498136135 0737399548 9339174808 6374196648 
0932781710 0263955025 9140477751 9347205269 3611721552 
9192894891 1285123125 6310527709 7234938677 0893098856 
2479735893 2759808463 4232185162 4985305036 2731645550 
8600244801 1287948708 9021875287 3453929413 1614662088 
1482680861 4162015915 5491220419 8602598488 6099100100 
8935521986 0042743405 7310121427 3402947594 3567269776 
2854277727 6759795406 7832154999 8708026058 3813286902 
8183862100 0610033764 2379198001 9442370442 0633319989 
3214651697 4334576991 2822318261 1409070898 6144154081 
9914737474 3368164498 2432526608 1666966973 3619695332 
1277769129 7726357984 3015097108 1585627795 2410140312 
1972539950 0985483700 6991572638 1749334231 9841708678 
4859633091 2936697738 3562887078 4080023922 3578231036 
1229231334 3138708713 7560726479 5530687856 7678761408 
6797853884 1839750850 4683509284 1447196834 3566924539 
1453969726 7038657031 7296241838 9792354536 8707062910 
5358409586 2528817292 8169247104 6395913765 4339775103 
3038618690 5416278540 6796718856 4523146253 4683464300 
2030663624 3007728041 8391505048 3997746390 6523527004 
7668220337 0156915852 3770139905 4126383476 4846638411 
7910763416 3945096265 7613452483 4091389875 3793488871 
0844082251 5024794471 9876888399 2003573792 6073657685 
4930155343 0268438483 8893140272 1966820387 2768490406 
5078641498 3954838623 9914432710 0354841428 5714663675 
8141086857 5684974964 2492058856 9843745946 8657448018 
4934228027 9582356377 5643882682 3262418776 2216226070 
9045198459 3267734773 5018285436 0693935241 6589601174 
5073761140 6406895988 2929944645 3818686066 4747288899 
1909822960 1789297804 7357912479 6321869153 6870365595 
2944433499 5425160580 9083049273 5940881012 5128045910 
6505047664 9626758222 4133933158 0270942092 3435482413 
7545730590 8715656756 7670109209 5054671117 8377321047 
5976697943 6357024999 1724776409 9099618422 3422593896 
6846991544 1887720946 5300703443 7183115728 7057320673 
9875957821 4079407363 3423608496 3832333591 7902277126 
8263032769 4877532004 6801847577 0539434300 7951196667 
7524396159 1663082780 8395905383 2295112723 3820755074 
4153078897 7762867716 6251881091 1875351973 3009863771 
7478618815 4764116022 2390303195 5967898153 7333332582 
9836004518 8973413138 5796009297 7745880614 2401045915 
0147820679 7394363629 1993558227 6023675103 4782755648 
6627121882 5552853178 2535860103 5108225814 5026112047 
4709240171 8602564690 0684617317 6799057349 0110072728 
7689261945 2758833587 5822194738 4320834578 6330528075 
5745493828 9523900598 4568272914 1346432348 8171485846 
0678305948 2601453596 8762159670 8124955323 0576378156 
4934456525 7825522938 2496265751 1707494988 6687654410 
3827053374 0898921040 3686773656 0454285845 1695031402 
2323633757 0264179657 7852081754 4892465570 9924081323 
6655786985 2645353888 0111889193 2862519259 2221355667 
6815576092 7630615575 9306626473 9260898327 8347680214 
6055571315 9391575134 1973623814 3794497888 8581196334 
3728292321 9663203357 8012611307 7010857215 9898202801 
2452701419 4405510821 1091262826 1670708062 7427106208 
0737562374 7391179018 8063039151 9189825171 8666137575 
7275971038 9811462813 2094118243 2120115782 8817875559 
1908312841 6589810129 5993972458 2828850347 0905302829 
2225178972 4313294878 9737432150 7341389531 9923645094 
0330089444 1779949785 5061146956 1529485655 3112229462 
3526306051 5601499246 4164694165 3581717906 5975346477 
4747518944 9033886376 9454910133 8475379570 1243435328 
3214492982 7573206494 6005703587 9741372847 3085568500 
2414057806 9949444209 6564545420 6704067126 9177034205 
5893545921 4751399465 8656379532 4498939480 7296345359 
5989773250 3522425366 9755202625 9661902239 1137446470 
1515637749 4681734403 7945328859 5394926777 6387559086 
4797247808 8680068172 3558531314 3563297543 1766043925 
3838540575 6899742985 0951712778 2488540660 9203265598 
2812701957 1356428139 2540661309 8387251913 8828743230 
3850700660 1992157068 8871565313 6986458667 1792836573 
5525658627 1881440144 3171436793 7481059691 3709321216 
8062424716 2372966171 5393439953 3680541456 9867938971 
7848891015 9860309541 2935298746 1691091925 2380974294 
4551488558 3184994985 9479590242 6366425548 6555633149 
3468935615 0341488374 8846312946 5300565980 7467697736 
0194559815 2863062761 2626766355 7735976758 1138421612 
3733145970 8729860471 3841740124 8888918797 1332736362 
6251131133 4676537629 2998408903 7789520000 8539399763 
5847442819 7985767807 2104896345 9907780154 2669717456 
7542617238 4022032773 3647639755 1754916653 3844727336 
8535249669 1562976924 8343626504 7461988233 5945593854 
2388739013 6417704694 5395798118 7527121597 7684425117 
9958071694 5466861749 8200389141 3675742529 5199235363 
0286409958 4773808066 7594169715 5808335426 2399667913 
7191811974 5650950142 1574144502 4655942823 0866854834 
5475504175 3280904924 3969757733 8340692003 6596269823 
8063210584 2116831153 6080639600 0302983486 9862501418 
9519615977 0985309893 4159069182 6447462124 2983607543 
4644624346 4183758912 6993823538 0143849573 6433235890 
8803400365 0356294509 8957173182 1193875360 6040337502 
5733118252 5704669344 7027575665 7246020243 4358051761 
7980430500 1576612206 8591071191 6447836787 7552875557 
6514955386 4629003147 7843352420 1822322818 6288983604 
9955671009 4713073625 1175046568 2887493345 1108004370 
5700857207 3227508319 6736841092 1087264603 0862698701 
2176044090 4028069794 9111839643 6605218431 4923073516 
3158890444 5480567978 3225559628 5773250306 3907386237 
0333133937 9486490735 5954685179 6504296661 8255310526 
4598245173 5375632502 8373943551 0180592720 5309010514 
2909243352 7312786900 1515130558 7405395535 9526490302 
8131275892 6687850268 3802775398 0878419695 4244470759 
8265277147 6368013445 1227046469 6586160140 5000598135 
5426600455 5304125645 3856489931 6031280559 6469709727 
7176477513 6237931869 5356428514 3044563012 7610428264 
9403679748 0293301901 3443998609 2840586881 0026888328 
7786069070 0575222916 3788459542 9511271236 4162904172 
4925928703 3518121777 2457206347 4441407104 5798701168 
3486538940 8608793464 2885814053 2372205220 3338827824 
9160655075 1428498895 0267304733 8689414665 7715191706 
7007154628 4933413054 5953261782 5762474557 7860528907 
0556812093 9213636020 7948400190 4534822717 5019919985 
0351721819 8291555373 9405244748 8160840114 2868298542 
1981541739 9461519446 7566539911 0862570266 1728915721 
1616708612 8078644225 9687806540 5524084076 9809262297 
9890897438 8648718812 4121528586 2107144171 3146827394 
1512454023 1527184641 6021045875 0969483759 4318073620 
2192937400 1190274750 2717656734 3594247367 0661803986 
7767305606 4018589905 3575123002 3066083708 7116869147 
5791336384 0862325384 3492671860 6613904668 4337879651 
6790070950 9607700445 4535563136 2405135816 1617384399 
7008720780 0572797374 7669733000 1951815716 6514482156 
3406218186 5695556952 3059973209 6135279604 3608491646 
4544009853 4029608616 7453343809 6899823943 6938249495 
5094716954 1670641283 9424517141 2601916247 3827086697 
6931180696 0971015572 5814785319 4625746145 3503976260 
5546512543 5021452414 3432982492 4138121771 3203403237 
1867152062 7359281633 7441031547 1046396311 1770834535 
0154482594 5760866597 7571739145 7660958775 3667249840 
5172457008 2595821245 4852196164 3789313109 8824817003 
8422332063 2885004325 4208492159 4423734706 9301246933 
3391888763 9562414254 0683244296 1396568624 0316412840 
3058782564 6523428183 3656651895 8550369909 4325953094 
2506080824 6841425531 4370373906 6510989676 5398087358 
7499377033 4589530194 9519517021 7522645207 3203602754 
6394131137 1161162228 9900457080 2847540361 4063814770 
8904136189 6398146793 6090582948 2054185806 7653745684 
5215201141 4513584740 0424917141 8349791085 2675578692 
3646084051 0296405685 4716291147 9605166051 2986011642 
1892358470 6774478369 7916343692 2030219888 9638490152 
4172648351 0873673134 5839534421 5022462615 5336633614 
8347864323 3561380530 0749667620 8428757530 7448476761 
2212952046 4026842561 5740219898 4963409036 1092184760 
4312888296 9266380818 2477416243 2149180517 4576051652 
7671485956 7236058544 8148544021 3290753231 1933789705 
4213766925 9894146244 3758062516 1532179973 4696371796 
4554733535 4924900140 5607436631 0647417667 9985725698 
6302528399 4443463799 3051824259 8412579835 8649590627 
8906953651 8549591816 0282523112 9648862454 6624741498 
7802348961 9904934728 1966658307 1475772532 0158683554 
7077836728 2575623992 4355463937 7454477973 3829602922 
3953910136 3924842457 9908952046 5639804512 1789111868 
3684611173 6749565952 3732158831 9222476966 4295949694 
0073685050 2840377689 0626580850 0246717295 8976399152 
8855287127 9469207921 2206720132 0528093964 5226322708 
6822123147 5800660317 8586184106 9345045525 7909777395 
6618012334 1874179413 6221578605 0078339034 5912525245 
4048575436 3277089363 7348137625 0658388020 4845701532 
9172877536 5851028430 4303738094 6458279446 3170347696 
1344868288 0549387474 2078360720 9181966956 0779780786 
5955740709 6044302978 6093090797 2073074960 7010815586 
8501594809 7534353052 7293411617 1483174733 9661005175 
2170023014 7990108690 3452297704 8775984057 2862989418 
1021529690 0745556597 2433483618 5037771505 5086033011 
1505317616 4169618772 3661381272 2787109865 1734520385 
7378730216 6127222580 6239456342 3895118271 0638999382 
8193946808 9089171426 8678748870 3236974236 9825435588 
8832460845 8202840234 8362623588 3643493266 4801755904 
6034282151 7219563963 4953043008 4841662178 2715144945 
9540901179 4488525950 4947265569 1194579203 6793654037 
6113867493 7619135288 3897654886 1213181153 0304716061 
9686704364 4288434988 2255233129 6875029163 5458654268 
6608894604 6929370596 4951284489 7404856780 0358527040 
3993562604 8982822152 5557199699 3525794545 2617407432 
7085989113 0014290671 4002259432 7469021898 2995179553 
4427487181 1164211742 9343466185 8125957750 1754135341 
1801559140 0125239948 3939017661 7521611923 0063203926 
9350307440 8005564853 2173648116 8158330203 1705897646 
7823292023 8182476764 4909239971 5748466900 6626848707 
9269797454 3610502665 9791718725 6545818722 5995671847 
1895396896 3563982739 1169454008 2867722083 9735648520 
1960596067 2645551934 2925230681 8637594677 1657471639 
8510375801 0266451314 9058946532 0117025939 0298092672 
1553261881 1216870595 8416472932 2719691537 3233155149 
8788130347 3988948962 5427170463 1085200203 0893497607 
4748096952 3143814485 9523362875 9639315703 4764290005 
2519090875 2531657407 9244929463 1761411281 6050060433 
2367814921 7024471810 4090002523 5729074509 4008754190 
9448501323 4277377902 8203768777 5988388910 2242894658 
6307188578 3632584011 4004029582 0151572777 5055220497 
6717418065 2296812814 4535963077 4683991974 3615077556 
0849014830 4881526622 6168875496 8034628330 4068496724 
8845831448 9610898411 1641853472 4679049542 9842336879 
2950285053 5622738086 9303629064 3496106389 0273423981 
6444371298 9675246221 3499807179 0983253853 7518245143 
1822981701 4980471474 4052082067 7173482930 7574244607 
1778472524 5946185748 9049305096 5097953905 4225306921 
2360701703 8379108571 4698302257 7248525173 8459145607 
9105588537 0470662930 5268611514 9625701677 7566050987 
1522189311 9931908608 0409589327 2714652003 1599118043 
6374064955 4498522211 6311079240 2530841208 5874327508 
3025736046 7355905024 2876200960 5821782540 7072535881 
9424274822 9061261156 5067099069 0000964622 8666919350 
2613356980 4484990306 0697708791 7964203449 4706647343 
5831304985 9323970595 8907652120 5938976976 1799954609 
9025575012 9252950517 5646332819 3778481798 2728921626 
8839791503 9028415489 2848405010 1832934301 6939308597 
6918820760 9832728889 2113551698 2344564447 3332530729 
6239857923 5645767684 4465574078 8184753280 0320620409 
1248503790 7903369696 7998575698 5481175481 1838668849 
2826248933 7313463656 2096236436 0176047562 8848255746 
8798352316 6892032758 1208311926 7273870776 2830879194 
4164060207 4628031822 1576402945 6583397476 0879869175 
2555031704 9629196191 7121507212 4527733136 3754728630 
4990037502 4593485960 0321151449 9284066215 8257436742 
2744755010 6391222421 8890391206 8857149902 8125033222 
9301019625 9879383127 4820795145 7466369086 9011102131 
0530573875 0610287625 8248047297 8297597037 8866527021 
7441124608 3737007276 4091503713 3336149717 4009051602 
1354287018 6599060553 7125909298 9698875726 8780006791 
5869091084 5740780273 9901018725 8340250270 6752349279 
0845564584 7233838793 6948393212 1937056631 0273581109 
6309442346 2935733587 4395461017 1509748417 6032594835 
3621751671 2490048287 8786934431 7863407778 9561343147 
6530447271 0158730835 9186544227 5335060945 0045427094 
3829595234 5006179508 1549912226 0677053695 4034708723 
1670377358 0038588820 1853606077 4078592030 9100130736 
6861533205 1430948329 7128610836 6025245559 2697326600 
1032976141 1191743742 7678278974 7510302954 6503081040 
6048421266 2927492258 7131958043 7832558381 4279728206 
1046716445 4539667827 5066337611 9561547180 8114106637 
2890445086 0711216506 6033989238 5555376753 2053879934 
6850503492 1858653621 5611625607 7378507833 6813948450 
9250569703 4605431168 9014345656 2307724317 8045128441 
4990211879 9309048288 9896661964 4774295261 4868975745 
7320468170 1313930905 1170561296 8133624656 5767032752 
9978842563 6726104684 5139557876 1745542614 0794992788 
5159419323 4557306458 5536376766 6277904565 1946875235 
9050707029 0264235937 6892174112 5833571439 8554727179 
6933471669 9045245738 5765734636 3234020958 0112235447 
6444172330 1996887594 8411158859 1938802652 0824126254 
1577592395 3557139009 9406192578 8576243834 3967082535 
9850867717 4520306477 1259716871 6292719811 0872264071 
6731620311 9950574953 5335078557 9058055228 0567687094 
0035886214 5084193945 1102129664 1803010250 7190041435 
1802625839 1841696334 2871083924 4701121728 4273032774 
7013437984 1173301244 6913775974 8817280837 8086328358 
4806041092 4220865767 7287522099 6324008042 9944929304 
9868849898 4582499837 1385891669 1314115948 0537977042 
0015970689 3471118315 7338901047 4647987808 1565219264 
4112417536 6266821681 7707694323 8146633641 9486790863 
8258471341 4390786785 2662542025 5079875005 9834420864 
3353203403 3854071697 0048589542 3819416463 2023644992 
1869693519 7625148758 9536447516 3444940641 6198941671 
1341044350 1482484379 8746391600 0978580071 4886541351 
3572346046 6234792972 7283142415 5920800251 0346789545 
4275219424 1325704026 3069769465 4016135485 4687985714 
4294868030 3910184410 8638904144 8112375443 7128533082 
3993732836 6819623130 2956918569 5856627411 3770338858 
5366462274 7193167250 3361104073 3156570076 5207124240 
7975699950 1517168219 0064511788 7028746352 2929808818 
7710072903 3972992256 6421130560 1375775977 1901399412 
3632672808 4538940031 9096154214 9931926133 6411225553 
6011836627 3278385267 4019875478 1876353935 7339492847 
1029582528 7103809975 6543973256 7129487558 2247836268 
0745273903 4903745390 6581151941 9572645585 8788269618 
8599474918 3952654963 5447571365 0412286059 3117832774 
7043171702 1755542733 8113164461 2205777914 6073657791 
4630762301 5698777942 7994708000 6669333908 0866312852 
0372580428 7139455275 6934418643 8283216307 5424935767 
4340668984 2924817540 7624563484 3585997894 7995073584 
0897211272 6010980185 9131872698 5820436021 5449353734 
2282099832 1512799675 4771510867 2556888219 8976906794 
3231991850 0345646597 5468942090 8586518688 5415650053 
0177043477 7447943867 2703930952 5080717481 1438806676 
9440408803 3700276228 9229403949 5464568694 6736562765 
1215744427 2755618547 2729709231 6077100833 0327612046 
4400195010 8825543666 1183840175 0643307987 8960184957 
2564092270 2645363838 4878282644 3778467646 7889452186 
1373535543 6563776064 7667817089 8450543551 1469123142 
7414164836 7976459749 6100751751 5958073916 4799319511 
1269366016 4858482939 0733187973 9169087881 9561867435 
8831373515 5390613140 9862755152 1295444877 1045808977 
2191058276 3398947484 9102783391 6995225437 7681439407 
4186682375 6712442332 3514823465 8676499645 1945247633 
0870536440 6871414568 3260663976 9454801930 9437100867 
9575123989 1190608598 0795618977 0286170467 1402026390 
0407552116 9679039679 7200717133 5597714677 9184571361 
1149407966 7124629229 9933147763 4216541227 7835748258 
6275349900 6792111978 0603078857 4954697328 4196464487 
2481549238 8450416874 8844032656 2774709529 6067748119 
5278592514 8107028490 7091501865 2287534294 1836314061 
1237085873 2629402433 9098198386 8089791860 1274620818 
9395020988 7488319592 0209202041 9914311024 3288618404 
3867214698 4472180588 2747761188 5531433454 7759499157 
0811215472 4304881109 8267530850 1879271223 6067265424 
7225549511 6778349951 3760704930 3136759892 2164576741 
7615608894 8829950931 1427656818 7950445739 0726038660 
1558121381 6955577135 8420435493 4789536420 2338974649 
5492766853 5362013175 2865705505 8809440977 1668261877 
8503565693 2488370061 9168688132 5769898892 1537701642 
9415477035 2800561194 8422472985 1874877749 5354659986 
4731283766 8102316847 8386420803 5715066104 3760802759 
0099241762 6841020731 9104116864 7523492506 0364563867 
7729618049 5366105618 1453874745 3647356295 5760076828 
3850026539 0338220423 5925539829 3284193944 9420500089 
9887248918 0621128704 9039130029 4855651474 9543445752 
4482287158 3406545423 0746784942 7493096347 0015143263 
1241612982 1109765779 7808646208 9636434720 8805915536 
4232264831 2645150216 0519650265 8472066706 1301204933 
8696992206 0721205507 4846983132 5044567903 6197937511 
4510561099 4059722706 1024553164 3418423159 3135390530 
7277364315 6367264580 1322676377 2668618633 4792960994 
1243270017 7449539823 0432040025 4498544641 2582181492 
0560149218 8788848500 4281841829 5383774717 0367919128 
9376308701 0427207210 5279340761 5909556056 9028788415 
4359370412 9448706773 7642712638 2152837911 4630861459 
9688138515 4958969349 4777530091 0908956450 6288798749 
4998791897 7330055395 5499696722 3113032996 2237357438 
5677800288 4728964213 3583266974 7258346061 5280371262 
7432217243 2529339257 5924924474 1154505859 7603142539 
5401902732 7179534824 5344711818 3267533772 5688313193 
5700208316 1783185793 4695550625 0987414808 5073837262 
0144835846 4003533691 2705562119 5890629893 5556277917 
