8399088576 4956240379 7143088390 9711102642 2589746293 
1766896722 3404012789 2499944003 0146467922 0203830421 
6198807717 3466473516 4681098205 6584456771 8498749974 
2916295695 2777441709 5631284596 1026901454 2233395364 
4324790898 8275294511 6320992753 0749937938 1898314756 
7944412459 5963726257 8848779824 5921701280 0557580271 
6147579216 8773028767 7241427839 0459073912 7392942678 
8438577192 3968052299 4034053347 0735733345 1836725155 
4265826396 1999930983 6730795037 2448686461 1493730495 
7612941570 7070662032 8918110723 8915527538 3366638170 
8043033055 6707275261 6774194630 6060870155 5657445230 
8746558396 1240503014 8057910614 5816309013 1489886188 
2107938274 7513047641 2486827801 6019084967 8442189011 
1018392559 6780158884 4050853939 7683873601 4191230960 
6008688848 4095875909 3979887545 7125098902 7721154014 
4019262217 2796546564 9895992143 7569114290 2020411115 
7924873126 5080755959 7284727869 9682789162 6827869491 
1524767458 5192281108 6526770098 1927943533 7913553500 
5146898579 3823713882 7353572717 1789383014 2216485717 
1410290069 9728235323 2884846219 2811289408 1707974024 
4219054436 9303801749 2997032084 3401108733 2111453684 
2359999320 9089515669 0859649152 2776672296 3969422424 
2341883180 3521099116 4028064348 4735443798 3200003628 
0819097685 5849256117 5239297741 6582041844 8109089512 
6836470846 2474117396 1271488101 9329455867 3819432508 
6126535883 7368559920 2590781539 6082128790 7306065333 
5449059883 4747010168 0869637317 7373258291 3940201499 
2329209692 7067831675 9681476696 6752080774 8268071111 
6784929358 4619841862 6172110925 3221606852 5388159185 
5988062776 8721643818 3516049553 8527936421 0903131036 
0781624389 1471254331 6537004929 5435731311 9180428419 
6503216157 8090425201 3312485605 3203608591 4481767170 
5497669073 9276489514 0552152060 9254132916 5702491817 
1664437203 6661368578 7673325110 8285903819 2154476652 
8622524635 9219175013 0342843933 1954912297 2792697639 
5317486223 2078789202 6844508352 0412496126 0947859764 
7640505134 4616457799 5797419209 3941387311 2767240579 
4054104620 7559701574 1827181915 6561183209 6658777408 
1467691697 7483766418 3860817525 4785968515 2469480775 
2817906293 9927065252 3129308948 6645014790 4547107615 
1553997996 3895457354 9956164209 6460474745 9853772405 
1945204244 6951551105 7601494221 4459850785 6289800520 
0150144217 2360303944 2834244487 0888738111 7569548458 
6881015884 7305082029 3605143013 7010450699 0268158198 
9459515045 3748572348 7980716132 3689988928 6204993413 
4778445964 8262388689 3449564130 6886939680 1624022569 
6097259058 3690359144 7830464096 9184582654 7581534945 
0077651607 5819566412 4007433611 7286666057 8064097906 
8506843839 0865501366 0341715661 2177413653 5246662924 
0385273163 1584292475 1071820737 6199742570 0526636287 
3424852769 7091241463 2604391164 6825719384 4749765274 
1279128833 2764753400 4587978756 7219728508 0251587765 
4905655892 2047149620 5252104012 0166987644 5381749387 
6153962176 2099818669 5643493775 2040786704 5502757495 
4208283438 2652727990 6640404630 8555601579 3541580183 
8870887714 0523005777 7479101336 0758346370 8160374140 
3358166217 1052377954 7780310828 7893113898 9447958611 
6939228137 7248209766 2231537416 5551870724 3003784468 
3873444610 1858764966 2483023535 5290685620 8893670501 
2914503374 7129770829 8592055240 5187831056 2165213224 
6122880034 7547325593 2571175091 6176594166 4823949729 
1335237054 3886272408 4837055281 7002962980 9058650804 
7949546245 8224013571 4158490067 3308445738 8181196744 
5142911521 4342793926 9965562257 1986439196 0677530383 
7468667222 1703556890 8425034832 9476678415 0367836819 
8974756263 6076056173 9594959045 3787288708 8011965418 
7892476530 7820255412 3421527555 4653752784 8511642193 
0021040069 6015444285 5007174370 3540070335 9356505398 
6517857070 0658209980 4195744951 2358764478 1248610414 
7556590450 0553778745 4257327663 1373882502 0172648969 
6161291010 4812793263 7456731347 3871166387 7099845420 
6702700296 0111722637 6272726745 2101811865 5910525861 
4533881970 1289911963 8473502901 7400070680 6314623013 
0805397545 7760287247 4099097506 9178826192 8319716472 
1284958737 9180354955 9085450061 7988132119 8211429825 
8375305635 0978991235 9405448601 7902486260 7671948351 
8442349058 7190753372 9443395924 0918535280 2957201038 
3942096233 4277562087 4772317011 7527568724 1012245302 
8153879584 5096348579 8391045192 1318634956 9030391256 
4113905964 1254019436 2929494919 2135307171 5344840968 
4207106422 8228981186 4026763507 1607969350 4702100231 
8781098561 3567910659 3066007897 7625531978 9825006631 
5156298335 4439164449 2580570078 0106162803 2102201957 
0475798656 5811680933 2423000560 6648967369 4876242617 
2410119907 5962069434 6859404061 6410905711 5534545376 
8092327128 7235399907 4435919539 8397372110 1334949165 
6927142993 0280203147 7456050544 6618457532 3059017078 
6156443038 1970179149 5676539404 5943560606 6050701739 
3893132134 6258503810 7319503867 4483556019 4918228051 
6773057685 0268843254 9589089560 8141995075 2565189355 
4022636610 0848161462 0386544647 7107121879 5163069833 
6202140746 1243273856 0733007417 2908534137 1467646620 
8233265300 7577845780 1275507872 6278301618 2508700842 
8187745332 0787977894 2964858597 5819284204 9964829620 
4273540733 8531005469 9395412546 1947347217 0399527022 
7035779385 8512968366 4406788983 7465656361 3544478066 
6838466976 5176614999 6185439896 2350237176 7110274089 
0919399583 1451468723 6128713849 7242069080 9504422367 
8551028762 8680425188 1635840261 6298518072 1152833223 
7580970905 7453569178 4019381600 2439654325 7825045445 
1969403488 4092434085 7899982771 9151230309 4738055403 
0823155608 1860716158 3433955617 2810637331 1060601526 
4964148156 8404319462 3560436301 7431750920 7713049088 
6856047273 8551730953 8084750144 8651760497 5677360783 
3154472292 5343359638 4563021521 7104987385 9253102039 
7895814333 6638415592 9925508944 6027807017 9622745210 
5550671191 3163262652 7993669635 9892383006 0969816001 
6708813443 0020391177 1916307016 3778003830 0371126418 
2414601498 7041714805 6626033849 7751756038 4954919157 
9141792953 6849597062 8632971745 2214945264 3640004011 
6851275873 8794348666 8837572288 9961342993 8664023640 
5894482452 9124282016 5800478166 9418478063 6604784838 
1761856515 5840174603 7289782158 5659083148 9306511779 
1985723171 6476472418 9304315319 9908815499 7137742072 
1011833196 8619684944 0518471348 0510376244 8875818172 
7723344272 1570874000 8524939194 9339810308 3199952288 
5426263085 1814551410 4967489642 5768172031 4577419760 
5540116651 4371933763 7218818650 6524854450 3999376609 
2267777074 7939980142 2580866214 9871912470 1387469895 
6765809816 3424079513 5703733486 8399460740 0148381880 
9109122785 0498742256 3947102858 9036178924 8694551999 
0491711623 1709297408 1951721636 2506237142 0825261190 
7131791876 3800373820 9989415516 7362903105 4940290537 
2537989577 3700088178 6588704904 3920910261 1278111129 
3551942277 8192147007 4363737351 9008329473 3687322396 
5494763299 2827531835 1812624007 1189203456 5885546809 
5030263042 5192198797 7737443263 7260928911 1090052198 
6875537228 1053055764 1476148246 3985863718 9772797761 
9373087670 4264970441 1511412890 0621261138 8530603736 
7229595816 1170213950 3007414176 6112848332 8860167367 
1673203588 0470158024 7848646398 0799957676 4707923310 
6445662603 3730736158 9922617875 2674260135 3600729527 
8511447312 9927914524 5062334029 0963971759 2321979580 
1119146699 2839606609 0546200798 2374521224 5036016910 
4115632219 5329726954 4555151828 4094539550 7867404093 
7185323660 3877962805 1431267662 7403643982 3983188176 
0597852813 4663946956 0555811845 8939807050 1135751682 
0680694894 3855291350 8828544734 8281517609 7154238595 
2213273086 1322041292 3307765655 8692790957 0047843039 
5568199401 5964223359 5945502281 0565437799 5470862448 
5590800370 6950156080 1930721464 8972673163 9389255381 
5995861702 2059139730 2709006385 8841495346 1627642604 
4283738912 5191847819 8500254982 6303585100 6341034437 
6334073346 9903127035 5830801124 3548158661 1646799047 
0409954792 3812878971 8678010981 5204978806 0504766682 
0366296725 0936939607 3136693374 7203672430 0318966620 
4997506525 2017547135 7865734643 8364676379 2685019584 
6151069676 5363902447 4899543219 9723190611 6932962287 
7894612265 6683064351 8956163899 5745077221 0945127991 
8853244493 7648778904 0544224233 4709795872 6521769377 
7637079604 0732789702 4558295386 9616412632 4657549210 
4481223808 9336380764 9499671963 4861554060 9091415949 
7678087746 1912277082 8684460532 5727180192 3246319994 
6676789260 3035979578 1182790004 7139409217 1939987407 
6000999706 9581634479 2336051061 6646007787 5593954578 
5813561911 7973484724 2756439544 4690018537 0303889947 
2199830805 8834058367 2047301059 3371645853 7773337382 
6188199786 0740674509 0629225548 8990834435 8447071868 
3462839079 2947080116 9686394851 1850811643 8134602812 
3477126650 0937086434 9808106119 2511699839 0691124112 
7884922501 0740467001 0024987554 9803524056 3673715644 
0483483522 4610219675 0403342268 0901960919 1836769753 
9184488898 1030769313 6036846490 7518519208 9980796748 
4952064252 8150398821 9929450163 1224441929 0790582175 
5002124641 5643878011 4736353486 0323181769 7699256886 
2342243651 1614137835 8486034572 9184564597 3101458014 
4233910343 6619091211 7514143224 0043381471 4649570280 
3681747815 7339925527 8767581363 3597536055 9539384017 
6867674304 7462011227 9164213879 0162717829 3633202573 
5406498294 3159500554 7141144066 3728022590 6499077297 
2153184835 3962105920 7509481870 2230994825 4672970184 
8378246112 1232263919 4350073177 7620066954 0599603740 
3765441062 8719241786 6624208821 4648278279 4381136197 
4467588435 9564005433 8403532921 2785957488 1400073749 
7083250483 2785755627 8773866528 3977888843 0937242195 
9455553543 6816532937 1988636343 6817907518 0196127350 
9345804109 4465517258 8496802612 1015346697 2738116149 
8560713593 3184212517 8208697644 1366280313 1959266299 
8008004999 3801799153 4491839141 8600149176 5200955505 
7429439030 6323540512 9132722852 8953318386 1280090024 
2018592068 3012455768 8515998603 6670882144 0361799497 
5769301015 8168404896 3695057071 9416181922 9869985461 
8110664316 2421543438 8574483433 8880719947 6674230925 
5414252204 6461326333 0219254123 3265542251 7900396237 
0011877224 8801218997 3986745402 3278310111 5581388876 
2532752346 6564979284 5609117583 9397247695 6922958164 
7917057753 4606301700 7527431401 7131409347 0826207580 
5563651383 6577977785 6686672314 3389971585 4051283817 
5395172886 7267924335 1932427944 6404274845 5722042713 
7038338428 2433585631 4255103756 9101814745 8356414678 
9534508685 6290184867 6091677061 9988006592 3053443639 
5717282508 8842599663 9289712477 5740130935 5439247332 
4079182045 5538176637 2353322209 3512540132 4815902989 
0264297425 9278789454 7500654994 6921212466 6206626082 
1434932002 0805522405 7223984383 0449363282 8192284548 
8932895874 0225793208 2077749921 2636085911 8902964660 
9838958881 0029238820 4924622971 3322929703 7751993136 
1009803526 7052448685 3226374478 0463843256 4630100081 
4486291219 9457156447 9009944608 4293682847 9652744612 
7653332448 8110332420 2517473862 2234490697 2367553788 
0339959666 4030721437 5360233103 6965733231 5237722987 
4426905668 9617796282 3218987189 0962510009 6673816079 
9485616991 1256164664 5110175597 1637994994 8745173586 
5867708404 7168447477 0849909769 9794470710 7221646280 
1394627545 9233625336 1858445760 2386869037 3404023429 
9795866218 8971415880 4575375650 7850426102 1206974369 
7096921440 9411346899 4263087437 8569318126 9940438714 
5948959983 5002482339 0435296021 4104347987 1030683534 
2977082983 3207751807 1528480882 8337014599 5157366923 
4089522074 6753110902 0004087766 7734520830 4107255415 
9390052576 0346091208 1402841774 2037713070 0842437158 
6729360593 4806649256 0890600621 4007352462 2034669434 
0437762973 7141729565 7738443594 0054753577 8336478717 
3858831995 7253806398 0996026454 0532720562 8731511229 
7815716086 2957374684 5665423600 8290043057 6533154127 
1689897462 2851338510 7670664275 1110612635 1131616092 
4243466569 7007093299 5217809475 7112910514 8114698468 
1636209949 1211915737 5909346546 6617608592 5249964296 
4904995300 8495876078 1963600471 0267394007 4073208436 
2442003461 4494703242 3951767853 2424534809 9377528028 
0525924048 6576284671 4121867299 7407703083 9307426174 
0145003221 0497262071 5170167184 9128134389 8195596976 
6521920190 8137000367 2782082548 0844407705 4889497735 
2900740939 6411521592 8130985243 2760682475 9522533080 
2824831409 1145503496 4805588336 3143637880 8692685098 
4022754356 1095303877 7070121200 0289803251 7901049232 
5077885025 9083263414 3548516877 2200998294 7719960230 
5243885580 4487383316 0358617226 9203006710 1878742606 
9417860407 0699902507 5004932336 2692993214 0946580996 
4653142858 9402950507 5993837424 6713892699 0433088969 
6893171221 5225093296 1528322314 0401522472 0069622519 
3121876948 3286742002 9173664435 6806635821 0533280417 
6726151562 3021242888 5543250193 4774716280 4383419392 
8479334861 2220573524 0128775008 9411533192 3097650828 
1811189635 5024958467 1068452926 4484555742 7712134742 
8588612865 5316929049 7678456625 9641824726 6927783440 
0266072794 7414440837 0664575851 2376709200 0483121940 
3483729208 5600229027 7977308648 5414746185 8811157024 
0287314904 2337471022 0512254210 5996607035 3839506482 
3345926097 1244250184 7780809771 7267392473 1940165503 
9607867012 3047395765 3328065850 8348412526 0088946584 
6731191572 9174574224 1779493354 9798919007 8206213086 
1080386551 6223758124 6483554065 0724329292 9115450926 
6713185929 6769309032 4380500504 7057980295 7471634654 
6186859666 3348164737 5637582530 2952862923 7343678949 
4660108835 2913613146 6638328071 1983717491 4550006429 
8208172745 0617511533 1643178506 8605599580 4144705051 
4513443466 1354349132 3777336900 0477575850 4046993549 
5286508212 3106885520 9618997124 3934341116 8098795396 
2481708529 3385576090 0270227949 7412417974 0475717835 
8915130101 9483114208 8683249433 1481780233 7650953324 
2995528594 4368343551 9727318517 8049465583 5099194309 
3702256819 3180246844 8831867708 7309347278 0380591552 
5023120406 4223609470 9885301607 5837054367 7837414644 
1160534217 6004593264 8901251010 9436888394 9375010807 
8235517849 5090823589 9540726474 6204374288 8105083964 
5588426654 8692765048 4032831218 2091922525 4911472664 
0636220307 9345506603 9883857248 6005108528 0789875092 
2954152053 6859292619 8779168922 1592205220 5519853201 
4792614710 8591884318 6865741159 6378993112 1609989761 
1097963356 5444902734 3590983289 4786788397 4966109031 
0579656789 8848146337 7937809720 6339058401 0251514800 
1880401230 8861312975 5420721536 9649270580 1455275021 
6146780869 1366074981 2251621634 3548510063 3443491035 
3420533934 6945249747 6955086265 6936276212 6109157268 
9185127730 3763839795 7159366930 6794929864 8386633844 
5448631276 0855100518 1894581104 1464708454 0153629145 
8227457290 1534105798 8169354055 2831867360 3825088352 
3047392021 4607034933 1910672726 5127717991 4138372267 
0503004288 9515491348 0292363239 2882422079 5773086577 
3544300787 1499407960 6303257695 8992623920 5966013855 
5418034196 6989324367 0285104942 8362179024 2444777381 
9256545997 2644214164 5880183324 2657385618 7867895985 
2363478423 5368090599 2711999559 7854014483 5966062156 
3295163890 7300427568 2540019235 8883203001 9113497523 
2861300651 0978769294 5531139668 9555834764 3708070331 
5692464770 5668317087 3581839480 4538875307 5171478337 
1195076879 7640772884 6486649791 8231845023 1538105517 
5873407189 6253879853 7621437172 4368207104 6881420524 
9239365508 7044891355 4165562666 6713154192 1763666664 
4546134197 0658844048 0395862840 1161360336 8548134550 
5093590314 1657252576 0552586987 8703051193 1907553636 
3454402515 4523395823 3658716038 1608528218 5007141035 
4993608466 2784075061 2368387644 6214589192 1779142593 
0064973124 1854636559 9567512958 5020308227 8410326137 
1511351983 9061241596 4633398239 0087897387 9933716728 
8720356789 4869612784 6918029884 0007702404 6141684357 
0964611623 7948458002 4369153446 2319297027 6370458105 
4668618648 9200648185 7884470461 3762942820 6142107034 
8036308441 1167800614 8150239136 9013966575 8030939659 
0441591251 2096952973 5812730979 0325832927 4793996928 
2438314920 6259029330 9286010332 3917403838 3427457113 
5139845774 7832024488 3860219680 7671633165 3498673034 
7454013999 2159822111 6711151254 4258537609 1673432769 
9904005844 9743475905 5642063076 9469347283 5650649910 
7776795892 6507983234 8108401822 4489117074 9665104061 
8759184748 5769721036 7432681514 8420195697 2207473448 
2208792869 9608362935 8763165389 0478390048 7427479351 
5152841972 7078614321 9658284170 6939049681 5772568280 
5012202075 1092363465 5176931515 7232381050 1802258551 
7518247822 3413643178 8165206850 6613942262 6534469728 
9359780575 5792607832 1667388980 6612519238 8000169534 
3252262005 2889956108 6132879950 7595735547 4955247424 
3083287019 1803056477 0827367014 3445393759 3763155017 
5093518515 8798505069 4639052319 5829252309 7514074052 
5459563140 0743663136 5318598857 5773788784 1902614118 
6895445650 4216033706 4786252627 2470854341 7597795006 
9264902695 1120275026 3095436740 5801647213 1592679453 
7943694975 2610184466 0858000783 1271913160 2123509138 
2970425870 2336416046 4484612847 0918634315 1986536546 
6090267618 2247471801 2253559968 1323522386 6795597369 
2580689597 5303712648 0244820458 1370182034 3286908637 
1659833775 7108583301 0368743465 7741106218 1431765563 
3962100638 5831674674 8091887170 7737653558 9866220294 
9987382744 4255479241 1634654679 4060365024 7460245618 
9525909349 9667359512 2712732052 4011111391 8523027067 
6142772309 2229472881 0133192963 3399781855 0318293443 
2632206469 8010129517 0455704300 6325015625 0431508365 
7628326741 2300204950 6397173678 4188910051 4252530524 
9688625673 8738477796 6286621649 7362402883 6930961735 
4373373136 6775835835 7017944714 5747081249 0698022977 
6815688257 2257089498 9089912066 0554025206 0801322450 
4825120813 7567437661 9867964264 1298605943 1128300054 
0888188123 3133472974 7312126744 4431186759 4320910668 
1841781026 5573353262 1387737473 7553457827 9041511593 
1321851828 5887774417 7229662046 9138660209 3496942560 
5364506621 3331732596 1987682588 5942987942 6709380114 
1054153993 9189608363 6192487418 7916930646 3578448072 
1565839931 2037940118 3244802015 5671414285 9863727859 
8469707404 7554361823 4815879601 1413662352 4548067203 
4561475693 9780122895 6585216225 6169671298 3690085390 
0438345103 6299591188 7655548585 0103824200 0728257383 
1915399075 2707127241 2720139581 9955356637 3551289090 
6976251070 3048920279 4525915565 0048553046 6782494374 
1234171084 5111272716 0221094193 1455401579 9975257597 
0623571196 5092077965 3514558284 9694641247 1272627520 
2638568898 8076835163 4588214744 3822121862 9646612627 
0826742263 5057195047 3923863507 5412116648 3026200971 
2767100489 8267161324 5191035278 3620701285 4444670111 
3052325226 9301508703 0633845197 4189270634 0692454588 
0913768037 2957533468 0677935046 8647874587 7073762192 
5305287481 3619851138 5757845429 2910766542 9283407134 
3502250882 8188929152 4452778398 7472190081 3143807204 
3020724546 7931758778 4666266568 4652886150 7688403122 
3212187332 9607244268 4943391394 8234400487 9473181001 
5672345261 7702576708 8679077948 8435759761 3518177223 
3032469991 1665759663 5615488804 0497320129 7560095265 
9882349602 2332949604 2355117872 7855292408 0285877667 
8063370228 8000221810 3354707338 1937382622 6757192925 
9335637095 4061572778 0572441483 1116404280 2001173781 
0453773569 7122670282 2063493126 9054549816 7184995028 
1156890107 9688029001 1256589179 0555923454 7229213785 
2872328218 1212503451 8205954809 6772277660 7131017786 
0343882957 3318206423 5872369934 1009810617 2349638246 
8683009133 2565344923 4684068069 3901747353 2015044406 
1138347551 9042887754 0607758191 6178115413 0039925740 
3786443591 3019078461 1315598122 8743338330 9853783972 
8020727286 8923202989 4397339481 9817757139 2474916946 
4666678961 2342910937 0338793251 2337739713 8802549835 
0706646550 1643565968 5314582650 7561070572 4702998374 
0904860172 4376419814 2270431480 3738452936 8743600536 
3912672650 7615680781 3142004122 4119594940 3929770163 
4281240787 2080852166 6306459230 5670320709 8161722529 
0269602306 3081292602 2797817743 5716138102 9192980622 
5097290234 2140272119 1693803271 3298320083 7285066796 
1628159235 8286686576 0999044159 9158720394 1836822473 
0903669496 9071774570 1217771446 7268351119 4579923576 
4378946935 6535420860 6297301046 7307198227 6607743930 
2309468861 5482810951 5202159705 2550236156 4783557941 
9688175556 0913857785 2192225964 7769941023 0570038366 
7476235506 9788231896 5569824146 5028678631 8921131224 
0606180938 6048832645 1730840169 5014208215 7326064292 
2288691115 2502549936 0218005104 1932609690 7384748832 
3914024155 8533260115 2850704306 6093224442 4825241441 
7460744488 4453418552 8241403762 2464301160 8492948664 
5829985520 5426715174 0545442020 6280703433 2941069337 
2726429706 6891081535 8484014909 4569382462 1684799297 
0706873787 7406289283 2545134226 0408837187 2199038355 
5267472209 4123126765 9633815572 5024484611 2695927469 
7523814493 2164044468 9895162240 0692837095 8627380688 
8336291637 2400418759 5864552046 3746275695 8305079845 
3815347152 3066411007 2569236293 4927639367 1091313512 
7040305457 6969966845 5358471455 9181928377 1246258352 
1412445812 0274966078 4771810569 9457043360 5081685095 
8945374630 7951839500 3471725194 8443599494 8544685268 
1297359019 0690653598 9033569560 3100644796 8263120457 
3191011544 4965551122 6841732515 2277386303 0813597582 
1722905976 6137627641 7661634769 0912507016 1999553759 
6432115575 3439662168 8271084036 7511929996 0008862463 
2199987541 8094360053 0874133962 6929982076 2966801548 
8090523558 7186807616 9855606043 4175392524 0496799964 
6517600026 9269165516 9875265250 6773950851 3040805388 
4450609260 1096436881 0894202685 6159073899 8509908250 
1549463918 2209700648 4553663668 9968589228 6382159711 
0767179767 8975011542 8087230391 2887886996 1867893071 
9828675499 1974326270 9341000268 5103259296 3268818524 
1489579124 4327648721 8014529821 8574977142 9294366689 
3783643822 2965859111 4179405184 9420735706 4528325988 
4591225939 4927444557 1466776515 1145692903 1395253758 
0463375857 9641581163 6218722766 1518982412 2053513224 
2248825616 7742459676 5412540331 7844988384 1113760735 
0077200856 9727762648 7365278338 9163614249 6421063088 
3493089033 2084877942 8644049722 2682861859 9466893437 
9485133485 5905828206 9646123946 4975741223 6283139773 
3819087455 8033167517 2722386647 3603363229 4221653127 
7635847730 6315342973 7277492314 9739427339 1681398751 
7165017810 3261317455 0637765770 9788695976 7574221493 
7163528845 6874197560 6953600393 3733202065 1649369708 
1492295834 3311631037 2740909866 2574705051 4702272309 
6296228767 6893693773 8712390204 6516729559 2539637570 
4229682701 3721597849 6180362348 0433790639 7035855824 
2210882352 9872394968 8535770504 5182895099 1937634747 
3203519382 8111442092 5467393367 8229258496 5322008001 
5263180291 4086468882 4845131277 3062679808 1559547648 
2850417271 1392640315 5385040583 5488218720 6324982256 
8308378114 4749672788 8333200287 1767003436 9690112633 
3771406814 9248560992 2237095518 5473844571 7905417687 
3927917178 5165931986 8288756418 1867768768 4101914918 
0793996112 8907075158 8545524699 4765082176 7567721164 
6636427681 9985224100 9652130504 6508340727 5744849661 
9761614608 4059060741 0221444976 2236679944 8483777754 
6120077234 9048346804 7995536374 9200222871 1271851356 
0661682291 2323921800 5582781418 5815990440 6240526254 
6367710924 4383173398 4763285147 0653500079 7831849158 
2401175956 5900535027 0640384087 0712334125 4904300589 
2552683369 1094710188 5680630974 8638940766 0730095765 
9146215650 5019760734 4889921706 7459599010 0871084361 
8344332778 7653682587 7230822334 4345432927 5264503508 
2751036885 2787696779 2475290543 5163484717 7830600434 
2306802510 4169270984 0429423261 5492831376 1218792561 
5980554961 7993488223 4043222837 6565318861 2575026407 
8045152954 1971941954 7797740615 5462426767 1433647051 
0868155403 2166445251 6231071226 0123089371 0475506825 
0860324046 3908671443 6907732441 3439849284 1467882847 
1479332996 2152726567 6834010400 3538027202 5275418435 
2253722834 4897065811 5608571059 9336667745 1985660472 
2008416019 0860000788 0595268182 6691313841 7341819905 
5901058235 9290201354 0514610372 9259840892 4440579962 
9261209829 8196317512 1453533210 3905565185 4357550155 
0633023039 3983217424 1638876581 4182837549 5738248135 
7953537641 5648600199 1020976353 3920754849 3483886928 
1611240904 2860516889 7241562593 7579583189 8950072924 
5960467988 5544190931 1233298527 1844623356 7773599333 
4804074703 7205328034 7069763700 2715728202 3073057696 
1414871966 4204255727 5049195036 6323004651 3954181407 
2510893070 9443978312 1107332766 8759280377 6507172513 
6087557193 7648563674 4855888825 7887661339 1844930211 
9188229270 9019500146 8423436369 9275319954 6115671386 
8570450744 1432163390 4078029992 3490581446 5652044962 
3351543572 0105541820 6044026298 9131818118 3565214801 
3865548465 0393917442 2768998320 9599473453 2614851533 
8090881844 0673726935 7842931940 8508180054 1112501203 
4574453033 3139738044 6948852770 9899805696 0005191411 
4142279477 6296903922 4152446159 8136812557 5139849403 
0158908912 8390396906 8237159676 2282654375 5905616030 
0204572745 6152794596 5191825007 1334871565 4510175277 
2344850870 0166716220 8813471455 9577331251 8768056485 
2910540739 2802221120 0328627810 5640243980 0380701905 
6977396529 7877909880 0316200668 9840372155 1962433429 
7992810095 6086160201 4910881911 5097937929 0036944991 
2062176537 7482371955 3245806361 5013009808 6504424252 
9347835698 5149428846 3384019650 8628261926 8181813314 
5352271022 1617868856 3979618042 5572709401 9690419527 
8221897237 1157604600 1639909088 8725718251 0468842834 
6189131812 0296964133 4893176005 4804610495 0927989751 
7631114740 2264219675 7645198488 7245324003 2533025182 
4830774912 3252566884 7561695423 9348897784 6191575794 
4227708558 2057854100 6163487982 6139855509 1924933763 
4419693864 7024154343 2823282768 4568414269 9438372354 
0254093937 3073804634 3438282071 9655314032 6715847016 
9414833139 1499674109 0812530998 4316312073 1085050169 
0632931910 1821105395 5855670398 2419629169 5207657199 
9272307176 3730813642 3894014823 2626547055 0903841961 
6639574583 6874762673 5252558119 9071918362 3735843687 
1834305909 2217995449 9692223300 3428708226 9330565446 
7683677675 5877960837 5718328106 8255595685 4316804574 
7689684479 2012444397 4874700573 7572457408 7492178275 
6424733258 5933827183 6011855063 7271168238 1424624589 
0459076029 6921428081 8057785601 8865526909 9927922154 
7127089592 4017947650 7844514414 6455171727 2454847694 
1607662478 3260657354 1389446198 8583756749 8476780536 
9839295763 2660226472 3992041365 2162373636 1466640323 
1551854151 5481118581 0844339855 1504367348 0709801630 
6252475101 9715046695 4597491414 1011308661 6816368604 
2103388074 5651994932 4586116048 7111648627 9983802481 
2539418990 1363772731 1133834266 7785325923 2453334485 
3759664716 2083385374 1226355530 8937443901 9515415756 
7994245323 8033408307 2168419947 8996812426 8884616597 
0608333973 3717714436 4986798767 1879725126 1506319728 
8554063191 5126103864 9620313740 0515441345 7210449044 
6705194515 6922739366 7324976857 3916031054 3114816892 
2251592576 6878095346 2048818191 3512012841 6258147210 
2780965979 9919441603 4438418232 6231448081 6732189123 
7994659746 9447371994 7344754614 4729069858 8542010162 
5230641968 0597237228 4233732451 1406540283 7552630397 
0784269804 5973210194 9345700252 5055959469 8145422107 
0283690676 5111338008 2719704304 5192478092 5117856272 
9103526279 1697425806 8402627307 5841902146 2844091789 
8442561629 8673909100 5370029788 5506985823 1909288554 
4099345771 7507878492 5479171378 5432263146 5566615358 
7021169160 4317209842 6523231396 6065488930 8538301968 
3401924136 8671420697 2763367197 5814778723 6143301726 
1255520558 3002475666 5571711557 6955972073 1113661647 
6492124100 0743253672 1117181902 6986473496 5813010136 
7113732229 3076821469 8233095862 6017552721 6725842477 
5944321583 4483251667 7179538137 4496444065 6738138326 
6457517449 0574800465 0568402111 8589827064 6002549842 
2293207274 9822069747 6980622608 2660110961 8485569352 
1180662292 9940380157 2610103842 8296088987 4606563046 
7985022929 9020929193 2461771606 1603848014 2250886912 
3734248586 4417312671 8474663451 2149080855 3212758118 
9474825178 5940175844 7229142593 8199664790 3390875103 
6666615416 4686547007 2022022545 9753480984 2350136484 
8574947885 5474592133 7509637678 2165427914 1354746700 
6281276744 2222991188 2799813572 6907378546 9091101556 
8104297173 0577884247 6385374026 7974152370 9462463943 
4605121639 2451482105 0797603268 5986609400 8732341564 
2353566766 6375312276 3480101077 0454890510 3240579565 
9667413083 1157927974 8096695434 7260724741 0692015339 
2090933458 2777447339 6165009357 5247112417 0750635032 
0886771741 2193495146 6676387126 3737284611 6040877063 
0158376001 1153364921 2190203318 0685003246 6637922173 
7979268046 6363761955 8362047195 7455881725 5112000804 
1991146136 3395552011 3003942391 5975356674 1136702232 
5519019341 7645573146 9482202225 2295483332 9774556051 
3730774251 7709774446 5980760759 4546606593 1031273487 
1555326438 9083383702 7738220743 1456894458 6437175412 
1066049337 7454249047 0014903959 4657459437 7123789728 
0058429396 2105526750 3956632149 2376729814 0663500612 
0236079359 5072500261 1882298817 0244093230 6066540097 
2298243353 7652437799 4159185149 3390417225 0146997425 
3353780504 3621410935 7723549008 8186907390 2695140166 
9721483626 1672332385 1117638972 7375572281 1689919980 
3995729374 6032217281 9284534093 3258441169 6304062383 
0035426887 4290211824 2985645124 5795207347 9846273461 
9510455242 5613736299 4330149839 3729111087 0529969519 
1835336505 3484424284 8046310476 5220834208 5936517309 
6584496130 2858336548 1954359818 6756220294 1613843211 
6325768598 2562967201 8289067811 2418686878 4597313387 
1404187297 0071191986 7701293106 2930969498 9935481392 
1875928804 8398451387 4075864302 7656157147 3351835440 
7350625531 2343664960 0531091488 1303238446 2652043513 
6290262659 3330681205 1158885104 3585699456 4993886957 
0706111923 5727571102 9419692899 4187655436 8842569280 
6386143513 0310638444 3343133961 9697973356 1523242666 
4170663902 4036236559 3574944251 0383568249 3854306636 
9565628381 3497578319 0902427704 9909445141 1112412302 
0604342232 8892597491 4382315759 0798442351 7784541128 
7242594935 3333098571 0978755386 8398175482 5212175181 
0308218176 5051555634 5242994845 3904577562 6744657855 
1759148916 2251178070 5328811704 5974059759 8645830080 
0561032233 2538430075 0981134310 1204508331 9042286546 
8587799440 1229656165 6389081595 9223940343 9222600101 
9722176573 6217116359 9025757529 0003386602 2749259421 
9355961294 7551851369 9393249692 7866350652 3882676894 
1167638908 9823146190 9596833861 2311858671 4957572705 
7568639974 5427113036 5918183847 1780818084 1752010065 
5662130476 3267524946 6820599746 3936880649 9907641342 
5808930820 4090236323 8351783063 2217617206 4336320110 
4034409940 9158405146 8783262604 7756804071 2615484260 
3468338802 6809404479 3089193734 2390363864 4025492448 
1157390763 1680266467 9967901755 6718706413 6332402887 
0508745716 5871395916 4292536144 0259784029 0871343774 
4417589566 5581130737 6296889347 5271737113 1377900031 
0082729387 1224879869 1412428008 4502725122 5463527219 
9201876242 3508027844 7967843370 2368073614 3992859048 
1111125419 3110135095 9312727661 1248889546 8919453556 
3621879329 9748845867 8348144862 6980470399 0091628952 
8836891137 4616731561 7024100451 5775700160 3778370339 
5725392613 5405325011 4657419224 8012182431 6985303536 
3945988575 0411326222 4005410970 5194916292 5743792819 
1687620492 6756847774 8603451383 9694679909 4353055861 
5004279444 8311206309 0593443247 0009375367 1005604492 
6556034727 4778079078 3639504518 7624483926 9798731353 
5284348463 8881332304 3979277480 2201529619 2355486000 
4734273095 0786780625 3076736433 3228241961 3242705655 
7794522660 6569501618 9262562694 8238005695 0336491504 
7116242857 9689682908 9690583637 5827828389 2895520363 
2239309604 2046228781 0637658111 7827427625 3234050556 
4585343287 3936828810 5558230201 5544340256 6605611991 
6083312452 7637674938 3219523349 5631786258 4221341665 
7482628877 4471793387 0329083625 0399594515 9111325505 
0506004055 1933106785 4022140139 2893077471 0317833410 
5594829183 7130769245 6979522064 1402279584 6705868857 
7578468725 2894700750 8518500453 0687570783 9746663845 
0736019535 7370737853 5670036258 5582066737 2433386238 
3506635732 3527255029 8747371571 0495782761 9393563501 
6759283674 2308538385 7351276128 8261732009 4878087312 
9781099401 3720875321 8796217675 0723431042 0409830054 
3075454308 9347560999 9670530062 6008939587 5398030047 
8168171271 9509393419 1068331792 4294515954 3851121090 
9172267321 8321181622 7957059544 7822536126 8295095486 
2217231236 3166507257 2186345317 4107239765 0382647261 
2065862723 3900281950 9088574096 0057687874 5913537314 
6151589768 1028944673 4608601099 7367803156 1291557189 
2379694137 8351231627 4075169456 9490868054 4178759792 
0036554692 6344461817 7373227167 0034442667 7604609492 
4812058797 0646584973 5288079241 5315639324 3441257891 
7793572590 1786375825 6938063425 0443054588 2795813741 
0756022875 8444781096 5427651767 0622237069 7241979180 
2152291454 8339562562 2846078386 6292668106 0526376677 
3584382487 3378258642 8850121233 2924720709 6075960682 
7560580289 3569806800 9042477941 4480522461 4080192982 
7445359142 6130067315 3997422039 8080445375 0119539726 
1944848449 5199114028 1906600326 2802697095 4487165779 
2318799155 2650311232 3553639686 6845302430 1596197349 
2262352274 3230536042 2337560641 7777316238 5607180504 
0559182350 8941421612 6043893732 0034975326 3396931768 
3963974083 4087614896 6053467650 0201801809 5017901524 
7573815905 1446684042 3320462519 5859647960 2895315590 
7754720418 7516804221 0488273979 5248273749 6742588221 
2290841842 6732735405 0629747395 6251860978 4580701322 
7661151733 2515928012 5006610307 8456552279 3390661195 
5467698467 0693114454 3416538587 2999911772 5534075836 
2673072059 8192318641 5819683344 0775617358 7601158541 
0628859025 1485970663 0256627278 1881934320 4435440594 
2641747287 4446384970 8875389243 6548269542 5677051955 
0050304857 3967192593 6918313224 9952382903 9519078750 
0747741928 8341283393 1514360545 6554992740 0340005147 
5286011764 9136881975 4058351813 0106428191 8542772397 
9888911556 5442061329 5214834039 7465595374 6931767971 
2605932622 7357889369 4395281403 7155498125 6229183602 
8970988448 3519995909 2724761429 2738476113 4273942707 
6465965860 9967512305 0324376092 5283745354 4759855871 
9279745135 4560409284 4631238388 9192976387 2245094869 
4664331645 8586117087 8840725956 6344648877 2838981448 
0697593346 3489209208 4747933664 1147691694 8304375959 
9830298448 5104669711 6761180315 7567043074 8683191350 
1510866268 1481108066 2676444881 8763734119 1046301486 
4339513331 6943864867 1912530511 9771222260 5129272066 
2888283651 4602219447 0819695463 1978248180 6230642959 
1934380319 1070756728 9113034166 6939068376 6514373340 
0982917691 7783350235 1137723780 7008013449 3751248050 
5007321973 8123851625 0632081049 6669536517 3928688581 
3977490771 9078245297 9419561688 6972231675 2104506671 
3791920865 3893674998 6314866410 1700444576 2995894532 
1955986639 5809179418 5105600868 6137283520 5544642033 
2754284596 0428433290 4254398613 2359098896 1610491104 
0370538129 5507746816 3875576813 1629919025 0815702719 
0764907757 8436021697 7227904172 8321524831 1154673779 
8675348633 0097098407 1885291772 9363837896 8670454493 
8022017157 4243059909 2277663302 4297441704 5007458994 
4751500765 7427829025 9389637763 4935315947 8320022542 
4326725184 2300506882 0208254972 1292140563 3725581581 
1271047415 7018538931 7829398787 7127982748 8656715046 
3224664385 5553484887 8687664135 5612761048 5824205891 
8651972343 5336395723 6099480816 8173974031 1903093045 
1000439618 0691234477 0855514924 7296678508 9521986109 
0165524898 3577004961 9203738616 5583736313 2652345982 
4531995105 9160583790 0039799695 1777069795 2469522983 
6760743149 9008548564 1433272200 3498903384 0428531242 
1123402100 4981624291 8589242224 3495753608 0826030676 
2401546957 8806472961 9266845275 1116009590 5378548316 
3671245484 8677882017 2520546398 5586500358 2350020215 
0851642366 3500787760 7151985614 5256264951 5910555074 
7727853798 1540632716 8195111754 1022889298 3782225453 
3675665190 2512168230 1691819839 4259899975 9411769587 
5215092794 6376619633 6087192509 4446859022 1362185710 
4072204996 6386358712 9905305552 7028410467 7262021274 
4667454521 5457723708 2364445335 7064522514 9756787051 
7194800500 8025678246 0781818548 7583892258 8816417620 
4903611290 4312816748 3207669348 5228577606 7934846458 
6576690952 0661008787 9064301681 6753391621 1520568108 
4467894159 1233741463 6821138833 7577326140 2746246664 
5150989210 4406381808 3056080401 3701008907 4171937662 
9584442169 1227908932 8319826772 3332127920 0768091661 
0268387238 4324544206 8679756039 4826736582 0673451550 
4267630881 8158558039 3191617327 5442955764 3651620151 
6644668557 5937259409 7115187836 9217329993 8415788276 
6022670925 2914746182 3418663672 1931122698 4236086854 
5204188312 8019978033 4878756588 2710587023 7096130274 
7991323482 2581376961 2170462274 2249610167 3375478801 
0634085514 8662286995 6915271626 3350178980 3398273644 
8774282315 3814829001 3432567888 3228760716 5110115958 
7187145010 5783476297 5288743392 7458182768 6000452775 
7177247880 2098965643 8529423881 7387999187 4712975874 
1165413323 9155651089 0877525768 6286616807 1921090343 
2650301463 5427492044 7493124652 0147323197 5770361204 
5011747939 8628215253 5497202671 7908950519 5085909795 
6215389121 8056487899 6785730688 4996390327 7813229401 
5207305052 0209607654 6883252517 5264101355 0651450298 
0213435336 5875559161 6836749428 9441214804 8659982256 
1119879720 8669302128 4995016647 9523817064 9564273515 
5258468462 8920014188 1385743510 6708068039 3400649398 
0278204084 5015597431 1129777968 0235822043 9971891827 
4081952024 5230161759 9479708280 5860032889 2886741062 
4713286909 4694668439 0420120577 4106699462 1572385110 
9156923759 2785586844 9397736068 8001922934 9147175801 
6316525474 7272854041 1178250031 5404941649 5321147450 
7549665480 2310185518 4474204933 6821498678 6738789249 
5751470690 2466239047 3966302006 6157810935 7920463627 
7135039469 7843435917 4142643778 0311902195 4752269208 
9547968878 2548564570 7135566698 5023275461 2398823027 
8689013175 7321917167 8493016365 0138955291 3159011742 
2489607374 9460202948 5127985592 4507737935 6908133386 
9747037415 7396558258 8573741349 0358278143 4074625542 
3551643968 9046077958 3866499664 9445074756 5796993514 
9351359732 0013303372 0811662891 6765098694 8072944032 
9917612907 2301114046 5891138242 7272632968 5176094284 
1879398026 0523956540 6645933007 8965741576 6970867192 
0929452539 3155274373 5282800482 3457509144 8533542404 
9182058302 1173669376 0497384227 2159134835 5204042576 
1699280642 8547140193 6855614110 2765828085 7040342325 
8758656946 5009202308 4983082678 4327277486 9277955040 
6611100435 9764768678 6538495502 7225588542 2498613657 
3631739614 8099893608 4740971764 9547154334 0623707326 
5869752764 5921337429 7141242070 5112256449 4990791441 
9244483283 9379138042 0636238002 9700282062 3931807561 
9226485397 3949330832 5197087313 8458119857 0171002491 
3652522719 8684083184 0478469364 2902511129 2751766993 
9886203438 7891751726 7572217442 1453857611 0028348743 
2190524333 2939928094 8839061529 4064110187 9375394113 
4303171916 8526355316 7352985363 9867761635 0661196822 
4723486403 4096810385 8504606729 6014761310 7402400742 
6534024368 0379210684 4615341970 8080881220 7680711064 
3890588634 2157852825 8228774367 5470140831 0031138429 
8534935282 4935850403 6234592392 6688311448 0775467105 
9106940654 7237346587 7894192487 3236437024 0202401751 
7597046829 5402550796 7730984443 1798635413 4645953902 
2765743203 5188431115 5975463523 3045235505 5292850636 
3115240811 7678464547 1413279813 4065927467 3208354528 
2276634305 9530547343 0938175037 7872317646 4890964910 
4425587969 4041170527 7662970232 5695246367 1775845878 
8220284605 3053054661 8172209655 0981839675 4440119356 
7027827210 8335560644 6657522809 8058628703 3307578738 
2108211292 1021038961 6523122848 7920328037 6653872019 
5820518561 8250144240 9628366098 4633225284 1101574173 
6148823414 6028737749 8491498459 0462988903 2849256083 
9573991405 9102412068 4557624803 4590472359 5368839274 
6190063530 0602528684 4345466005 7857456872 5002887974 
0781269950 1435969649 4764149318 5049625552 1694445285 
5745294807 2324330277 3655574561 0429660883 5697425307 
3611130310 8238000315 8538736286 8849210917 4918033905 
4828505462 7864100013 1694719989 4889420953 0864465026 
7961007150 4843926206 3311711860 8612081871 5732734551 
3700141867 6869219670 4885901036 2423315167 7601727174 
2233050495 3061585247 9196288967 5944421346 2356519312 
2194284407 1430978955 0559858862 4420173628 2607350511 
6384635711 1878468347 1588349062 3342588343 6142747938 
2954834126 3417416882 6028887355 4781665323 8321540768 
3590968120 5488454817 1892692062 0367096536 0564089875 
9284508157 4274786219 4136716994 3229458693 3049535372 
2967997800 4871910203 4782473949 1797171976 7262538849 
5281730513 6008922705 2430855648 7450412160 3355151493 
1039641863 8089265951 9034350197 9503662299 3710706109 
8032834728 6934541513 5967181506 2976637443 0994932369 
5704953495 9141935272 7151418737 6586945122 3636710793 
8011524216 6244941198 0044655721 2597535804 6399910239 
3279770838 7184753479 9854360306 6177468548 1674302535 
0911414225 3635633838 8354354468 6001108638 4802147927 
6315847935 1071062272 2123289000 3040085551 0346076806 
6519552168 6567189181 3348506806 9377003906 8701376254 
0552466849 7671014459 9349618422 4689804170 1860235101 
9649901337 7865083234 3686944378 2163920218 8508599658 
1311126588 9482917734 8973611017 4739245996 3978823770 
8464359325 6464055446 6354564506 2781650789 1000060357 
8958471411 7881140014 7045565792 4684793389 8590443560 
9519395598 3048411907 0859683908 2696964630 1033129195 
4054835663 3470754825 5971622409 5724560789 9522751374 
3172920432 9442145717 5702111966 4927329504 5892435115 
4224989284 1829309680 1627909990 1439100065 1606646547 
6572330384 6462439511 3830677701 2416199103 0939928940 
3981160616 7420760338 2917593065 6604400871 6224229486 
4120927680 0548402635 4604602128 6431296861 7604867685 
4587332459 0490445815 4468976001 2917675937 1782877815 
7463447497 4431747224 5714178249 5933265895 9901232631 
6543180978 5578257753 5504957177 9819902461 2577728494 
4635352521 7033433931 3436451383 0425898151 4773623679 
1994181688 3285991871 5721722876 5199470314 2482487875 
9641163100 8191276660 2885664731 0961164666 7671189367 
6347212909 6300869239 6234207088 6293386312 5561287340 
6534679097 4199382881 6638506027 8732800485 0544918201 
9933787113 0829493390 2544408454 4528311079 0671755781 
5800938675 3600386035 5768063981 0642357510 9973318402 
8068507709 9666201399 3830215705 7490439491 1543830905 
6158300113 0141099139 5832903258 6958376761 9707448919 
1132631216 4098184347 2560087662 1115969513 3389046258 
9050402103 9716887529 7634115653 0163761401 7241741275 
4156775733 8515633409 6892443014 0617974975 3717442566 
4734934545 7924696799 3011026194 3376364486 6753756108 
7691613043 6137483304 7944122595 2612415148 9816998076 
8101848189 5780038325 7633878043 5311856971 9951740840 
4042921573 2071789387 7089593155 7022742728 2658161497 
4080133206 3433840086 8902388939 1833314200 4515961400 
8986112156 2924364169 4725431356 1701811792 0055959285 
4391833343 6945191945 1431715413 5007420063 9050607167 
6581905824 2162028976 9684409055 2454470012 8188685814 
3549545420 5566898387 8624483207 5212174109 4873647410 
9157860409 9102585558 6394013091 5517560027 9765865384 
0756823639 7358347233 6482553352 0524772296 0881930540 
8210532813 1130488092 6255044062 3955759039 1944317141 
5265275408 0895298657 2630716340 7322439503 7998714881 
5126244606 3128138524 1074143597 9408576657 8525169438 
9927465562 1805886920 6623250449 3702921288 5127459270 
2137674834 2927777412 7189221554 0626833008 2860090179 
2187538294 8629150162 4540724777 8866998890 0709805056 
9250698581 8373901350 7639436541 8723293031 1836581686 
3336447793 2900707857 4510611399 1480911099 7127929438 
4939136701 5842418969 1093862380 2725764521 6678140223 
6132290468 0977248778 2686418812 2877993432 9767071638 
7056951199 0189632309 2458999902 1797571313 4517425936 
0325136902 0883958608 5467504777 3229290628 4648172031 
9507281491 1800959505 1258134475 7157055467 8484436237 
7691481917 9984052906 6771547929 1174266933 4885856708 
8139473448 4862143811 1159547544 9852804057 4225069514 
6472008424 6244722993 2157922646 7217881452 0648208302 
7693611921 7385236785 6740962791 0852342295 6090632666 
7104802881 9226371390 9073768444 8093184449 8969929310 
6036870095 3087272410 2621367887 0697269856 9734002280 
3635047552 3688004955 8697359039 0206919312 8307071061 
7913556767 4215877257 5982219129 4318645745 4772051328 
9458782737 5775210307 1194255451 7528858363 3445935800 
5524008931 2099188257 0655486639 2314480862 3744145953 
0559003065 8095292440 4261767525 4206771033 5536849552 
4654643577 0101789796 4163130386 7495239610 8289032577 
2448991862 2996519842 3278274995 9589340831 0312932676 
6102724108 0737954628 1880763426 9861761703 3100934680 
0830651834 7713287054 2549962326 0325011619 2827302129 
9349341397 9963426151 2648506347 3483275913 6317868247 
2894449321 4660618479 6505730406 7187482841 5191474168 
4169089722 9561606700 7281977661 0831141061 8692743573 
3553564627 2541437940 9813463832 2862433641 3347897889 
0912641531 8730406053 1724773810 3537082669 4106544406 
2266129376 6233632590 6138381976 3194013039 8985582094 
8209539186 0248199098 9664862713 5664987570 1497953400 
6764478586 8204910762 7096977570 5491508796 1976919441 
3901594125 6832679426 3957901827 8254556896 9968032231 
7815897782 2565761387 1677013214 8021155272 7673111734 
1653118922 0384514736 9902316477 6475938806 0160755374 
8338232854 5825950629 1023936001 6544735394 2982876682 
0737121927 5299907369 7440811342 3720201314 2340450525 
9316972775 5905856570 0313202246 5479086657 5834512665 
4568263055 4619314754 7187391279 2397211846 9217783762 
0063262466 8145632249 6877656028 0104550069 6828152865 
7542598234 8340092647 1012832843 0643025697 6526446941 
3502706214 5831911049 1793194143 4930177034 8702633346 
0168710291 8360837412 5327587763 1540223039 5628877684 
4723280302 1429872949 4647493950 3146491804 1335142023 
9388152487 5937371592 8383266003 5406428953 5416985061 
9922353038 2921861048 6918255269 0255749889 3197784720 
6199198050 1797226224 7637181445 9796413713 8462079820 
9083958821 1870480155 6318520813 4305168523 7415842174 
7814580115 6305831176 7877089770 9425691536 0787809113 
6284354824 0228283945 6580419522 0130311977 2279659598 
3884093635 8355901185 7427044826 6505634384 2162536049 
8340854389 0402854304 9268993066 1353029562 4400202826 
7343672871 9262079402 9735061796 9254101291 7537626608 
2539682218 0621641812 4621731189 6733474309 4220887670 
6063054671 6996314182 1559029243 5137843643 5063226209 
3120680143 1691638497 8101227107 1502167924 7205626346 
8706739088 7567539442 4482708382 5087882653 5655819744 
1663577849 2417631881 4836216441 2222323635 4993894299 
0784092165 0996112353 2512011031 4233835506 5493889092 
7596110536 9398083023 8610371304 7566762605 5583092784 
9435785197 8563905347 4326745056 0490940770 8591886510 
6554530081 9826445252 8174087746 5478991615 1163487539 
3067419302 3342758365 0496415686 3538834492 9702698830 
2128385075 0117307225 3194741218 8603060660 8665654771 
4244902618 1091509558 3074276082 9485811035 2011070330 
3058709257 9512353389 2215724742 4785671676 7883589737 
6761772117 5130586934 3355367649 0367437388 1704440543 
6987385939 2664944715 3503815259 6325055300 2049067646 
2445852260 5213931219 6299705782 5503270457 7980448589 
5607020990 2153446695 3706842845 2178214452 3866710469 
4081075061 6731747856 9718979427 8788716052 8345042902 
2122439834 3390694767 6464131458 1807048184 2165818603 
6693764098 9433649381 4267999197 1798152335 1084157064 
7616502760 4538632999 5224430338 9384486986 9487964925 
4150996947 6646546897 6921648614 2392356827 5318509654 
0881335332 3603150184 5430918115 8979530096 0882380182 
2954836466 5073083461 5875373909 4675311255 4261080409 
6592752714 5627225527 3501217657 8243220128 2217368454 
0188340911 2563696058 6741735441 8830302910 4229540931 
2139163251 6652716281 2140200393 4852462926 7702533556 
7801321211 0007468751 0492729215 0677332824 6340543305 
1464110169 4580152392 8106487165 1193748496 2847145205 
9228602216 4309227073 2911314850 5514626087 6549103696 
8970857811 2513994774 8938328842 6598056121 2183161153 
0304191551 8697722069 6407051706 5583074542 9556802055 
8606479198 5611372083 2021397337 1589718010 0934195299 
2408631804 1862299694 4159001484 4534898620 6796450530 
7736118399 1361144007 3059304205 7496786395 3731729127 
7835848215 6291480030 8429891763 6403425821 9775859099 
8861542291 5064881854 8939194649 2442442707 3460653662 
8241104380 6874634642 4452489217 2700800269 8896840097 
7049906879 0618994349 0599879123 2993931686 5429778734 
0536374108 6041168212 2328032144 3018450796 6819142023 
7115246394 8220177093 1427298845 5433627298 6473983606 
7619735520 6465441486 0620658273 1163150571 7724208876 
5562487222 6829266602 0371485112 1462441496 4999515202 
9735696346 8957934911 8486138732 3567372723 6286722956 
9307022272 8261893624 2091446834 3426468002 6607719950 
2216509365 1912429912 9890949673 4886916099 7557084153 
8563266979 9928723106 6968120038 7350435700 1390292512 
4556125259 0033221973 0742628557 7090519268 2914207816 
0159206846 8518949602 6803241645 0232179784 5493500368 
6853112007 4399878675 3531880447 3478513954 3177396060 
0553611144 0635364216 1812602126 3865730946 9059325590 
6397219492 0380562876 7882874309 1909615406 8691521231 
8936278924 9870124538 8290743083 8160748627 3896787745 
3782363709 4678891160 3417540455 0891697540 5922739404 
9266623912 0406468558 1911120898 7613022144 4569725686 
2545295013 0411217199 8091066911 5415746874 8584959986 
6199083983 7817126331 0681533641 3320408361 6858950592 
5150168276 8475240163 4734415535 7829189499 2138591091 
1224831818 7172194868 8386571304 0482947774 2444060109 
9690156383 5237827612 9095967481 5107225829 1813299828 
7427054987 3596774842 2085620675 2067159942 1809118851 
0214643881 5360796234 5415092134 0343006129 9786868257 
9602938497 6591871270 6805152707 1418619605 7390318885 
1282433872 6837664102 0767175712 6610927458 2233522905 
1299485282 8161359254 6990669160 1850275940 1681624498 
2303860880 1382424988 3069963917 6230939613 4854599451 
7800671078 2255193242 0508739012 6795497844 0156989887 
5079123165 2774721289 4791531731 2845796906 1288370019 
7518951091 6690850679 8567605165 8730747998 4144568492 
4921279790 2881242410 0884088477 8373159193 6132045482 
6303567474 9277565413 8559987303 2159054076 2951436378 
8522298669 8185149670 8348605274 4652644981 7637532110 
2923062590 3686358567 9948914924 8808960412 6511073389 
0966344359 3384412495 8326982682 4276010209 8965945460 
4773652398 7118017518 6513673393 3944944267 6775423211 
9108230942 3728968680 2203474395 9324862376 9437410866 
6028201747 6556319495 1087225889 2022152498 0324583927 
1724279586 6773783806 5801661372 9297771184 4665025011 
5258124073 0709630180 4069407496 5568499308 7263042183 
0015704120 1379224567 8731940258 2131094546 1093699749 
2226185837 4651973232 2036812782 1679785482 5403853579 
9586852096 7119563235 8035567447 0587232686 2792820603 
6487179366 6055944117 5390180898 3779028084 3442247968 
7088565952 7161278836 3404327608 0005804509 4816137624 
1757342033 9477986303 2236738284 2571940605 8354743783 
8904464154 0657909999 3185608124 3084635339 6799172288 
1263788799 1600338337 8858845547 1982316793 8893362837 
7732064114 6617025954 2085088518 0512900843 1630715043 
3107539545 5419907964 6509023164 4288344740 6871971893 
5466735649 4568123543 0496129888 4537609297 7089319942 
1463048220 7660235398 2432157616 2548761284 2541210616 
1133133648 8224541324 4897545356 6265349142 4082249134 
0206617500 7211269430 6124966341 3321878554 6802945912 
4917217464 1038186713 6215145716 4950732198 4896957276 
8726883643 1105360442 7157154289 1366815712 7442833213 
3397633430 0050812739 5671874826 3504621039 3143243199 
7549195809 0961365625 7002432016 6580709518 8730589919 
7870679368 2952440485 3420238652 7588450776 2927871463 
4221930150 0563804572 5131759401 2285611355 4368542010 
8182371586 9013394106 1317832929 7920410991 3274541054 
7130717453 3004723383 9565461871 6344570340 1855604718 
1381578089 8159470368 4942578682 1926363634 4774282218 
6059642474 5794721701 5002581733 3302273204 7386573215 
3469489387 7232700555 6946006475 0620414873 3161156862 
2852690741 6880934990 1746912760 6927198938 5055648400 
2433703265 5975293686 0238742696 0159164509 5650888549 
0208984849 8876250095 0696676359 3812316977 9034511780 
5540667349 2287980647 6973399138 9207356808 6405247056 
3221867382 4785071644 6114309809 5494880924 7373180071 
9660589269 6476743801 9702682241 0328865611 1365849274 
8669631268 0737684133 6743444843 5491569475 8172853359 
4401006332 2752305783 9938753032 5507216780 0795954106 
7981610512 8701235325 1890481593 5617217032 3986252992 
3914117857 1556013166 7449541431 3623225134 3090938117 
1389724401 9512308210 3278926583 6285024029 5904940492 
9415327768 6423597978 3872458059 3951390567 9556048902 
2429600734 3177928261 8475193395 5564593715 0468756199 
7579743169 0153572144 0668758086 8655452485 0048273571 
3085317312 4413579232 0993581940 0847803553 0266617899 
9034001645 0047094910 1383340177 2294629926 5642334547 
8810460564 7714030170 7861814478 1116162479 6255323924 
4068009690 1179092285 1352731479 5503645016 1301300382 
8067884533 5633911351 7314102426 7843977071 2448559939 
2643077445 6327190903 2088393518 5236603305 2369976131 
3173348345 2682577284 9605743916 7155395158 5295633300 
8194184226 5634997617 3206683909 9307221655 8028540545 
8697118901 2219660240 6694608294 2278143215 4324365761 
0175020591 2960184367 1261833291 4534588474 9623927097 
6581693940 4028638746 7768485985 9221382070 3486498305 
2250484391 6857753454 8195511374 9471895212 4618141523 
9902153365 8511335253 5414111656 4403339910 1481716030 
5596064373 4286803239 1003140709 4111326232 6323998396 
9953761922 7136973500 1483985838 8497144816 8151714974 
5907959017 7449277445 1113062728 4201316358 4376417920 
9332924316 7440055461 2311429161 6263976070 6635603860 
0656083714 0438303004 1343474639 8954845945 1126970333 
7758329055 3364122253 5927524973 4553483337 2325862570 
9633843342 0359664089 7285644317 8958761351 8100942754 
5203740088 8010727884 8188959516 7231262118 9125001920 
8737338613 3650137343 4886404252 2520017704 6207266882 
0070446561 8473896823 5564714710 7826826300 4521490432 
4105536355 4525591842 1354196865 1137397886 6630975008 
1425643198 4740377591 4587895906 0984574260 7885786320 
2314402576 4605246372 4839202431 5470427111 9003189042 
0403338170 0098642286 4341807477 7777983442 5559893089 
2290697457 0187202046 8182941675 2491348559 9606198009 
8948447489 1662876041 9800602597 0012736569 3936297540 
9320859454 6675623408 0461501354 5821550863 2072266038 
9340137673 0576253406 5551698152 7778559929 9882419464 
2665167687 7611917362 2270209227 8336052507 7048070759 
0718034363 3570756382 8365968139 9539076072 7068181365 
6575919866 8375105461 1521808378 1191964755 4096709582 
4956017828 2456727368 5631218502 0980470362 4641761986 
