8271774847 8222463490 3278108854 6314151737 1814329792 
8832562499 3711562971 5737390115 8363108704 4860251030 
0496946914 2583869370 6512037704 6630824216 4894433580 
0059686873 0214852492 8795382422 8610007364 2036496791 
4869424254 7730644728 1042550872 9193419606 6705256450 
6409608790 0244040642 4731141356 6099006514 6788809327 
9138493846 4806546101 7890562764 5635564452 6787973176 
6008564598 5904575945 0452936327 3229140340 6240934385 
1631402526 0021020853 2500280314 1809837523 3896395830 
7623736733 4254811893 4277189269 3033982841 2036495177 
1760100346 7519208158 3382936321 2820663131 0891456020 
1482252304 5528829442 9174005143 8913118279 8098198484 
3229029838 6962825148 7394458203 9109406532 8018875407 
7209490747 8611791577 0017190387 9128063762 3661744014 
4045207022 9245232045 4057628069 6579308502 0398121837 
8402067202 5012026675 2955313083 4943534719 3634177273 
4063602625 7960313651 1978554856 6937284640 4204684892 
7715778043 4586776100 8528960736 9314413346 4873773525 
0159245211 9765975459 0876950206 0561757819 3591077403 
6258357653 6008089376 5328137084 3694390227 2298653222 
1828843740 0138825811 1629715534 5756740321 4986097554 
2868865798 7436900949 7050979860 9377027835 7223388331 
4539804939 8921017143 3582618967 4003122527 9973033645 
7106160728 4968264026 6823477045 5830154585 5748271713 
7243584709 9486137265 8713025494 0244957385 5889966053 
5370903389 2511454055 5812456929 4137888271 6519900043 
7610796725 7280599874 8204798956 7855938858 4994834696 
5194930897 8149972776 3473305857 0717902709 3568227576 
3063930497 0229663395 5287633799 1307858593 1420781133 
5111432012 1026019873 0421670626 0143575841 1797707904 
5808380884 9808816662 6185358835 5924200630 5302464346 
2899230820 3070806494 1073041567 5977100775 2398558686 
7594573174 4767094556 8426890385 3112849498 8018144774 
5665050961 4898991517 6299241642 8780004741 3850804520 
3295305391 8409768994 6319969559 1278676949 3195927336 
6205430918 1205566924 6215274078 6651432352 6592070708 
6787955864 1686045277 5357502074 8767143337 7060119129 
4031585743 1076777779 5213590261 3080828983 2488394832 
0949988456 8307672417 5929943034 0209439932 2708275483 
5738850741 9917136940 0498798586 1942344627 9608414447 
3566520379 2829531701 6335118153 0293127230 2543562910 
5545863957 7778022116 5886661126 9335740729 4436145574 
9056372007 1282544811 3557834029 0160485176 0524329698 
1355027471 4705263542 9352648136 6238869584 8981951679 
0476124747 4468008477 2588713945 5273671088 7847508425 
6882598396 3683066764 7664513308 2342995384 0637149396 
5512602596 4126916639 5532942221 6277976078 7495529174 
8568842182 4863746324 7477832449 2983235440 2571567607 
9286742595 2849433898 9676434365 7548230757 5478403350 
3696537687 3654980223 9878011920 3544049128 8268359419 
5397184364 7255409053 1421055666 3207320463 8848382768 
3792610550 0380573953 7940215136 4136624967 4935373241 
0440434862 3823362492 0495354428 5790530654 5277265072 
2034659290 4432022017 1632423583 1378351252 1095764152 
7412446577 6261675436 0947097433 5640076904 1436221806 
8299355151 0913855657 3734119489 0321845622 0443877152 
7004821101 2761208140 7824526498 8636103832 6508480852 
5295149522 6355426460 6718445430 4265338266 6861006655 
7716951714 4295655590 5423681933 9387175320 3864115522 
4288474087 9638726559 9650354531 6017872842 9959062489 
7569431465 7253297995 6564427538 1025956667 2558761130 
3086354595 0868484208 1702309037 7601073137 1062342933 
7807454750 8237856054 9479876902 1390566558 5892860091 
9904560260 3206378272 9076155397 0383110180 0844901121 
4811927779 6748391027 2882057559 7820535088 3461500219 
0348376576 4631105684 0142504210 6378331650 9790934725 
9499426617 0452072326 9101718680 6893159895 0080623997 
5869483897 0524161223 0171728940 3904669984 9427213392 
9568126161 0046509028 4562126757 3941439279 5031958650 
2350481104 7168563578 3540426485 7212754026 3881287194 
6209203813 2546481161 7031358676 7106436587 6605516551 
3311331702 2718232156 8773621958 4821685646 5284606970 
6619054395 4014065106 3097333651 3811963331 6594903039 
2164270853 5422804979 8026714911 8956364251 7489134412 
1426361554 7808921452 8367082216 9402598711 2632114388 
5299391696 3048048178 9296298820 1123807490 1305294249 
2948016114 3533023900 8067065721 3781679719 8568613029 
0301299399 4451249846 9010019891 9360598279 1697305147 
5943464960 2883328969 6608150563 4505660937 8129236133 
4905857805 5094564210 3530907360 1958446371 2165073198 
2015642422 0132684566 8774183233 1024731921 8685156434 
1203271703 0573066078 5175385097 0691717079 1725285511 
7436278713 0160095220 8920242405 0305756402 1537273695 
9266799747 8107072793 7239123557 7709346828 4756010763 
0127913119 9539176281 8615943038 2077839824 3261731966 
3133362063 7934967687 5089524023 6424692319 0454167386 
2358360482 8374392788 6654775948 5902892040 2019395937 
7065673211 9490991043 3528551798 7140350203 0760557820 
1914838828 8094649648 2084241766 9924567583 1226247807 
0390557653 1412632602 4292243620 3719532918 5547180915 
9644318568 5205788235 0103091076 1280604457 0442514799 
7589608880 2812599786 2387743549 6599049296 7322084497 
2443458243 5036897803 6518490995 1214229401 5669174534 
1683830903 5284779643 0676086115 9976367872 0495505795 
6365166938 3452102120 5712467189 0236358379 0833911908 
0206899596 8969901881 2232185525 2869348573 6518886301 
6045294102 8179736080 6895495240 3606648894 4683485357 
3711706079 9430547192 1648759431 3141269759 5251661025 
2290957537 5509509337 1854490007 2907676126 3467652916 
6464558037 1533060205 5347416205 5566838087 2331011456 
7060821971 3601991166 9601177265 3512414405 1093620360 
1001758405 3344689875 6534900244 7580184990 2851129056 
0362815437 2796762883 1238165774 3751766245 6404578370 
4964856909 0428184674 1434107660 7549841146 5742153343 
7962825237 7393517758 7703994255 2131816901 7399018616 
4214135439 2779733470 8765973694 8171010331 8186376892 
7283763660 2301920591 9792959179 1482244163 9403180414 
7790028285 7125177644 8410593156 4467536330 9241579702 
1262648130 4280838933 7706723982 2865434173 1736481424 
5629661807 9313695325 0911287546 9498015503 1799451669 
1228413844 6463087410 2798782095 5877346176 6677933200 
6361614129 9836112387 8526984496 7622494946 0162224198 
4818828441 7597250896 5043238838 8267762115 3869449072 
2314080038 6409667479 5565960336 5865500834 5015746681 
0037154981 2154559177 0828552690 5878274626 8018954840 
9854806477 6732259308 3364643266 6789519813 2303438478 
0554257118 9332448803 3710276608 0664261976 8000401457 
6819261412 3421421090 8378826034 8803987158 9674691868 
1275950354 1904068967 2781395132 1988421183 2561094874 
7352764866 4367133593 6837371907 1671361534 4289207252 
7305707780 5616065916 1544235891 0784646554 7369563439 
7073722178 1859123010 9443692313 9522030101 1367407345 
7059526133 0293674379 3212040615 9970890681 2035078623 
5412780541 6826582353 7425938569 6643576271 0973540865 
2303333957 4924977199 5346662569 4281212119 2667488866 
5256315169 7066072400 2193962668 4282515447 5614963579 
3336584523 7724099687 3579532275 9190097974 1551721334 
8453335786 8142287399 3851902093 6782740215 5999142045 
6446438381 6000999065 0537188148 4938160865 5035722706 
4177438662 9751678966 6554999878 8957217902 6230908454 
4806465185 6930925569 6453172241 0894516454 2679676181 
9728832958 4139351338 4459604167 2854573991 4150804959 
4466135343 9845014276 1805422096 5984867109 9440825081 
5132392521 3606951062 6733736792 2332214259 9523022293 
6409047664 5961545055 9484204881 3114413172 0464692670 
4975974905 9935116920 4390276051 5744667739 6870803247 
8040634377 7841672502 1988849435 4098282116 0007277291 
5050759869 3656847220 1694104618 9444582618 5511600415 
4945106281 5887248514 0345190055 5634666152 4473749607 
6611357787 4837400388 6293884886 1019502812 8078179274 
5034958405 7529284529 8389091576 4913247310 1056333147 
8134640265 0462629156 7537790921 3724782897 0031963259 
6891251330 2152465612 0543583762 2686092820 3077741687 
0045904352 6358174946 3672455178 9784931750 6753904640 
4160336384 7240546498 0750039300 2457661071 4660605719 
4951091402 4823273526 6912214960 1607089722 0722054628 
8100387307 6229689062 1526297111 4289273463 3921437857 
5838167995 7096512975 1212882470 7622937565 7213489062 
3618601418 9959500029 3934330117 4633003329 7290783402 
6382527837 9605300004 7355927546 8487189299 7206561365 
3375153747 7921962495 5179692200 8557314794 4574288225 
9242287677 7321288598 0653704654 0246199387 2964993594 
3563230213 1108482424 9501800675 7189398611 8972621824 
3077831783 3445857036 1181609413 9763446516 2725658288 
6168782130 1342558907 3818405734 2227527909 4401507963 
3506963068 3158584259 5975834413 3931666799 7304805147 
1042051621 3562175409 0487773302 2739698065 6495900945 
6956985365 8432083562 0615934529 2542418929 1617305222 
0979352465 7122706640 0541353921 2620953741 6070259881 
3126795666 7461709323 7174052362 9631960893 6529844425 
0743022804 9766416403 8282925713 7163603061 7625967249 
9571761536 9585248664 4931720109 6085345723 4236254503 
8544414412 7163847672 6283333081 8958559364 7600616352 
4985906328 8744503255 1137768181 3053346646 6995015477 
4932420985 6865935049 0106211412 9914177309 9804599788 
6539985559 9720886527 2973882165 0877480019 8668603163 
0561230114 4493319357 8407633418 3313859772 7323452702 
1265265772 9626488462 0440503237 7509270264 4091599212 
6524862677 1659965913 2457154139 2540015381 1699661401 
4497922059 8528654631 1988145874 1918733755 1855095811 
8710196924 1766429242 3893754945 1631594772 4531101984 
1450800876 1556264407 8821720935 1125934261 8446830352 
1073794000 4183828936 0585440706 5172644916 8857872854 
5265072810 4911722412 9415223468 4844898973 4965331556 
9393268554 0211665594 4907515310 3970832462 3445957019 
6856432675 6803854451 9358687335 1496819597 6960082012 
5379900840 0105463352 3364189127 9605446876 3570371065 
1413568371 5512448361 8491925094 9941414462 4632178459 
6766719116 4877674448 9599464431 5839584871 8188466274 
2027844189 9928803275 1244966696 4867934589 4132986023 
3034829288 7626063713 6445807371 3401017269 9240031409 
9962898759 3282399732 4878713822 6525474190 3488221774 
9819545570 7963780042 7801458791 9441189077 0714358011 
0302662454 2936251505 4346165151 9860793423 8562390664 
5515459086 8997009872 7578338564 7691033468 6388994289 
6361916953 3138310635 1444319469 2997895215 0427343027 
4505489128 2240465675 1683738409 1737414843 7318197118 
8226411967 0295140010 4844973686 8836048926 2885407453 
7124601578 4688794778 1317083920 2770185008 3959940135 
0787510645 3561461548 4503534678 7490153402 7514090183 
4645675419 7604548330 8692169390 2489806750 9229922940 
7155069237 7787826669 9123015899 0938081337 2850555299 
0599347167 8423507867 3905803655 3895201811 1477155275 
1613837266 5668705503 2514568315 8295906535 7006080657 
2699022721 4337914923 7524221958 2555155273 9047664151 
5242308413 0932793556 1940500532 4441453950 6109491632 
7038715303 7015281008 8754080933 2947909865 9178396540 
8974119198 7143734113 6512716438 2405244158 4288769757 
1497711414 7142795082 9588702992 7924683321 3370515267 
5643942311 3502628776 8903446466 3632184445 9217157587 
9241131996 3298754131 2018325222 6786967899 6413293411 
3176366538 8968320511 9163622399 6373640065 0624218691 
9822306441 9813515321 9731985910 1563625698 6218174854 
7088883782 2021617101 4912432492 1653238655 7690852747 
2547859682 9812494806 8606644449 3519183037 4836655081 
7554225733 5268514038 9878650300 7040289933 4381972301 
9614734086 4828347612 6073019822 2686144117 9898436755 
8389159008 4699913140 5413831939 1816564308 8434978829 
9151717429 7486490963 8389673430 6517121736 0275453757 
8343113521 7215018269 5929149322 7874737425 7245721360 
2566263841 3895262627 9302130009 9661963003 2325220131 
3821884482 2215385253 1276767630 4855187006 8314684039 
9268185487 6538405638 4831921002 4722319166 1009134395 
0767855513 8370482142 8491510169 8975339078 9756323399 
2177890388 0476336813 7484651689 2263571623 0718406415 
6632492410 8669239676 0121601081 4456092321 3374291457 
8448806124 7863773882 6410208618 0249513057 3388369415 
8508782319 7098151586 7117095173 8802867958 0151067880 
4493390248 0689099052 9195328446 6968288254 5529207870 
8090501661 4853675330 8133690700 4801338828 5854616540 
6413320250 6938355963 1742436588 4064726157 5760099347 
8411408406 2998236648 2357485543 5335905053 6126274282 
0018784805 2953044769 8632263662 7829632741 6370115311 
1823408178 6739876610 7281273257 7851392113 8076815418 
9444041763 2946304900 6186478075 9891264283 2572998735 
2871612774 1833680517 5637941952 4402321288 8549117741 
5065311168 1836226989 5319004959 2292508376 2608050033 
1743338563 7848674958 2231058631 8894073980 7614496920 
1791751393 3532988588 5343364499 7913001657 1286809999 
5155763688 3579690344 9984723426 0419431859 9122046582 
7495644137 6367770216 1143127001 4347716120 1646483213 
2927118257 1328791058 4135786193 1189374595 3236310239 
1270889013 9129091665 2719237745 8686417036 4801203295 
3287516120 1291706095 9270907773 5616740193 9117441244 
7124601417 8496797282 4936614589 9072550082 4349970890 
9680963641 6891569620 8984519256 2671934304 7171456304 
4323998155 6886935433 7262302614 9800352837 1665135912 
1693178382 3097964852 2206285418 8473486939 3594384325 
2998753765 1192492335 0991966689 3106839343 0992917742 
9112608797 2830433166 3875840237 0220112172 3945611447 
3365412763 3402705845 4177857748 5248631649 9991704854 
7694843205 3120929273 9986610752 6313197643 3765380295 
2214163742 3602372218 5067791138 8725805767 7755437425 
3574423899 7963358197 1403227793 5613974470 7119461141 
6517615151 2388236279 0564886358 9472686057 3344797283 
0925709439 1377951656 3058538904 1681689876 9258083650 
6882500936 1192610789 1124270988 1222693468 5319851706 
6371742046 8096376655 7289364171 3249386443 3405288735 
2790255086 8995093761 5120464984 5093084820 9464606417 
7940775927 2735187506 1493452818 1767517108 4502365204 
4236776815 1326743193 2510951920 0587674918 4930277695 
5965409812 2539635771 1694671126 0602360694 3945721364 
8076464990 1663784374 8410973573 0098749733 8721557269 
5976033113 7128831583 8030624903 2383304861 9521149826 
2358667333 6359436081 5330962043 5231806990 5867253166 
7967198977 5739671985 0563320391 6276929612 7845043250 
9302784936 5575704663 6650050423 5380700021 0433790543 
6545267691 5632116230 7081538667 9328752803 9918102228 
7966754927 4141381460 0656548508 7779489944 7855050889 
4914805288 2658768844 4566272939 0819614400 6839830805 
2403725695 0641143899 3318116637 7016307519 3044500215 
6616091239 7787650073 8743398612 1377676316 3799499160 
3580029425 3941509361 1828779256 4890199706 3611511833 
4377322878 0513781700 6854618939 7707800275 4504705746 
5744096115 1865016887 2167815808 0161854864 1080898632 
2233409912 4749225808 1118532699 8795736203 0363601202 
4863397052 9467124019 2398688862 6998354310 9200456227 
9169984416 9883212018 0955945505 3488532617 5425495363 
8515063118 9625309217 6652916582 4315900458 3496939706 
8765865424 3281945647 6478537355 2515306898 9109796668 
8781002569 8390687113 1921425419 8866419286 6687545377 
2443176144 6354156657 6287140553 5364287851 8017662196 
4712668996 2431948273 1009397417 1042590552 4374968733 
3036596872 1460188999 6692802582 3050002504 9474319578 
8736177439 8118194129 4800460295 0542736866 9231007938 
3355277975 0038359156 2081647286 2995161814 1511824304 
8649558704 7642038715 7706452758 7236770808 1805904084 
2352377577 5754008846 8775611166 5813925119 3567319094 
0209614289 0110964899 5715039720 7159050424 7857829641 
9139818646 4569806900 3883646798 3679810123 7694632288 
8360915854 4301049426 1487603503 7990344177 6859995675 
9933050225 3234765254 6889955258 0628931781 1721823163 
7950877845 9343728786 4151446387 3034437300 9824804924 
9554003322 3434378058 8846442656 5167111725 4089024251 
6568074345 7602957148 1282240947 8460558543 2107534563 
8218480483 7562589157 5170601371 4681964216 8971776054 
9530199246 9530239019 9614826260 1706284818 7963579912 
3969700159 4441468677 5318564583 1272547174 3944500821 
6298283049 3756959752 1339743912 0310652126 1696229281 
1787214991 4975372547 2129306870 3850875650 6150275226 
4203373041 2161623496 3978809943 5270804166 9332272183 
5932242791 1165736309 2546649671 2499296143 9907500009 
7635710205 0913521721 0267487838 1800459683 3106999955 
9077825546 4891283674 3394515824 7815280574 6103415113 
4356381056 6377035487 9809403265 2665484582 4868458290 
6755643586 3245918075 3460775801 6958399758 0648813770 
4343413010 5968843929 9179317417 4742867125 1433132551 
7759566739 1206113546 7364831151 9793542086 1547222832 
7585604017 7338917321 1141862365 2027644917 6308259943 
0939167130 1603555506 6396640063 7699177448 2383984045 
2727764172 0112291229 0611855951 2750665064 9835460296 
1029657475 4375906955 5507510185 9350758837 8946923408 
0884424210 4044351784 5101844946 9776602243 2572757633 
7213826673 2831848510 4191372257 2799003023 0195198814 
5702121716 5722765189 1902737558 0323980856 0285417910 
8696330380 5028305825 4155207922 1546755099 8816607126 
3796669062 6696222880 4105219437 5553599347 8632239333 
0880742944 0316363392 9743184574 2947964530 4848126672 
4296055477 8937241659 2547542572 7294818303 5852407989 
7060138339 0192188164 7311557850 5264328106 7107830425 
3827862550 7357514417 8094379451 5208769644 1803929450 
5337106958 0028806009 5926155424 0429538493 9223669282 
5186545787 1541550543 7681721619 4941624398 0236697017 
6458516822 4184823494 9856122612 2052594069 4686843355 
8288000423 6042671649 2051983003 0400639082 1604948418 
2231793780 0187897147 3265413916 5969414662 8544607201 
1663385275 5083190003 2819349165 0079157574 2541572642 
2107319213 1424033453 2607660005 4088324224 3039536428 
5170101907 1959689962 2216857242 0582700804 4884586616 
0085246854 7117664403 3745417169 7257316643 5712993493 
8871819929 1759466318 1328648661 8479719449 3997567376 
8896889421 8741250518 1286522654 3689028478 9523945318 
9075978183 7842937386 9271123324 5224027048 5501136807 
1301499127 5390637656 7761950408 2472945779 5161472517 
8334058293 6314389374 7277449678 9651364811 4070023132 
7461989829 2467466885 5898433555 4557604277 5737627609 
1205804848 0271999849 5539526723 4262697175 1222462169 
6901278008 1098444425 5359151750 8360950391 5428095603 
2294024501 2534448001 3590713294 3742644076 5715671941 
4139579192 2713654100 9016170299 1031998657 0525840925 
7998434141 5907909404 7612707383 0478178955 1094730906 
6257504993 6351422786 2650746766 5960409187 2737225477 
9472975212 1567356857 2609788566 4645754101 3819301847 
8212336515 6997722636 1516999711 6230814735 3868744559 
5345401386 6559999562 5362468346 2963168340 9797550456 
4050102772 6108378785 1820349370 5332792138 9434083704 
1728605351 6274318097 1964185158 1334638617 8640580852 
8993261626 7479202822 9007798061 4873787741 1733583027 
6131207960 2560784881 8904686228 9627843902 0499837036 
8536881027 7112776491 6480789399 4443904092 5075904833 
2890872832 4142449335 2364630816 7981840710 1984769366 
3055389540 2873674490 3373984749 0758595035 6060720035 
8784504301 6881102144 2649884729 7177449594 1058452003 
8230125316 6078708859 9066303712 8041215289 0785515342 
2131215471 1394784386 3137802569 3727576221 5857679289 
1521263000 6697169938 4726344308 2846306827 8319532124 
7975797640 3014368143 7346152646 9198950210 3421817625 
9365978453 2667602506 6744884671 2460966866 1730097066 
2524501769 2278852056 9067359008 4316041245 9284748056 
6894697818 2767794755 8847010378 8134571631 8817494428 
9989298716 7278685725 4665536773 7283112444 6176730408 
7523506505 4391728319 6198305056 3809001407 1189077122 
1329209083 7662204930 4967945786 6788418100 3586373834 
2709135352 8093942551 8198079349 7854644802 4964273686 
6843355216 7080896583 6820495433 3674108689 9344362297 
0414443439 6109886127 0196212361 6829423893 5804471970 
2097389199 2082302323 1464235056 7106499113 6035773195 
6388471918 1976988071 0058067038 7057250153 0190615358 
5559014641 2669669192 3629059503 8548687337 6121913721 
7442714461 5555267452 2825740005 8034707483 5030814855 
1071539938 9168383731 1092750205 8170195123 1311776778 
5184487776 8726804213 9392860342 1323899581 8513277666 
9365598180 6455715585 4038012159 2971267768 6438428537 
1888091790 9957308068 0102254116 5164298547 9859780120 
0530325322 5752499741 0354310883 8019843220 0235756740 
8273306083 9664255593 6595175830 5161534971 3443826367 
9902877179 4289082660 4259749491 1477071422 9702525112 
5860603900 5296024025 4582624832 5755757561 2161312795 
8128121568 5384085591 6278057092 9372466124 3672058886 
8157679076 9303505178 9575639340 0311125929 7972535777 
5442005699 6640220213 8347356603 7691695441 3189061916 
0614468251 8131601766 0986167723 2066349745 6046509728 
8265951275 3972733368 6941755084 8721788938 8640618398 
4600371686 8968509185 2298344657 7551641562 9814905434 
6762684211 4452483994 1312303852 5805184868 0195708892 
2618832522 3553643687 3645834791 4690356787 2259825575 
9755960216 8145222994 9197379268 9788065727 7499602061 
8312361912 5984229997 4459179319 1907004469 9554058436 
0693267316 7089261261 7013398426 7188893421 2498755699 
0243059505 9536766540 2753307550 3094906893 3593376555 
7321753833 5664890410 7287803731 7426730961 8140745156 
2072125983 1472457483 0121106609 4797879629 4904381332 
4270611655 2697331798 1222046734 2712122664 1381929147 
3278943660 9182787888 2764146146 9764222050 2911444841 
8441381849 2376352771 4914690697 4336080814 5042927657 
6158754217 0524939409 2838637329 4735778423 4240779548 
8209531262 3534027550 3505710289 0394313368 1481995153 
5661092447 7427046999 1167237898 9551639046 3749839660 
3242741993 1139442903 9057605907 4155553325 0655482151 
7929225476 4254508718 9622131135 1669933045 4312000074 
7182980065 0638738989 2625648905 4397396866 7943212705 
4939232744 4279957173 3635910633 3484418514 6953429812 
8089686874 0832375408 0262605943 2986205629 1817544122 
2290018402 1005925843 5570500116 2633413891 1164722410 
3293543067 9924686315 5390027951 3923299722 2766212995 
1309940979 5053020739 0559581191 5124333040 4078852497 
1092537241 7474301388 3031797018 4410857045 1357681512 
9153624429 4925037526 1611011837 3210046518 9614678269 
7244426178 0434649844 0708181946 4885701556 6472912494 
0018323157 4748921227 2150548567 6173310551 7328675555 
5513727525 7228070158 4444306909 1168420794 4852719275 
1675238846 9452014058 4365412441 9006882995 7459005435 
7430805615 5946524228 8193127203 2923409249 0339765471 
4651811131 4592519057 2580493515 1124366891 6540226006 
2755458017 6117435281 4314894999 1614671893 5238144336 
8464042767 2953871675 2608133950 9875962077 8572778924 
9855982834 8232891772 0811777733 8346633424 1884922791 
9805296830 9263756731 8470970487 2233707624 7583698147 
1774211480 4321363094 1487254781 4926308746 6784789524 
5556100534 9890788889 8459211841 0223597827 3731652128 
0197485413 4198697705 4395388749 7390145741 2211904805 
3900855254 7517769182 7060709796 7712659724 8844196823 
3810582599 4352982382 6723631734 2426715578 2964601050 
6831004613 7927489065 6030763632 5981027936 6112357062 
2546093038 4592230956 9944746489 9594352803 5957281220 
7359002148 4674876096 2849701879 8980716170 8718601131 
7039698435 4371096843 5176649247 9554420274 2247063771 
6000357522 9427613743 2881027737 4243763384 6548182324 
2545858652 2993701908 8847477674 0026800100 9673197266 
8495586454 4676707987 8771751353 9808839832 0732770178 
0462499327 8618880767 1330925433 8928428954 7339980467 
8267914598 1967469019 8306839892 2634392903 5718573309 
5966285388 4503112265 8632570149 5178443681 3918535839 
2042964337 5838949238 4812217565 5021035540 6710582772 
6887575137 8435979790 4449145269 1790592703 5088146718 
7781681401 4900991554 6216901425 6978035035 9587247391 
4976161903 3480456499 1698043894 8284871605 7330970807 
2050466548 0348755712 3331222248 6247330163 9986713795 
1278867986 4381025542 5604253579 2751624131 6245495529 
7310236459 1993011349 6142952218 5316982957 1040685148 
0382213988 8376963907 5814255195 7119935917 1118755087 
7596254773 7751359233 8703229940 1391763658 0370678440 
0859562468 7639951401 4714572246 8543401280 7858564304 
3939470699 7121975940 6459214429 0107129319 1405742653 
3471341641 2866451075 8564588123 9511401177 9550807321 
6367810160 3734337601 5731556349 2556593937 3671656193 
5500458810 7322335593 0244825696 9965558388 3053413186 
6761689980 8566682827 7132356870 6812262548 4629821031 
3176077180 1239058725 5347242047 4152001617 6660218058 
8246194966 4874606456 3878996315 0712442915 3884042324 
5075603214 0477624258 0365260920 5191482910 1027157745 
9241426287 1044559729 2699956501 1286066885 4627487571 
8766506696 9779602823 0413811084 6930878716 8483579092 
5462780349 4426425458 6120459971 9960800316 6303479589 
9289456325 5312542534 4317399853 6945980583 6028674518 
5081053313 0476475285 3762874570 9777767541 3077142430 
0232534740 4093030694 2182911681 6439039165 5747003216 
5881100062 4207185247 5797469805 2765170972 7451530250 
9461865993 7285040116 8149577814 2596361240 1478096837 
8688851125 1471276223 1791533148 7044871205 7937765503 
0401664297 0150767388 5504773832 8881787312 1246007452 
7612354176 6657688170 1011494289 9257349101 2356466763 
9625806511 2713396498 4228245027 3056693708 9237358164 
6095356116 4343750565 0299631516 7974534093 8235328999 
7025627180 2165624362 5511798697 2162498323 0956587196 
8296025466 8065000046 7162224023 9665382418 5505730658 
1446063590 5595549641 9820113969 6528443930 1573931052 
0628308914 9218063428 7155353700 5900350470 8646096354 
1097884106 0965660343 6535444906 1700707899 5831805614 
5339065047 7052743156 6417609721 5179194892 8336481286 
6046083530 7188194805 3442177304 2360408411 9157616446 
1309136759 3152863992 3396387054 0720547988 4795798861 
6996218064 4201535353 1790044765 2558227276 7064593635 
0572878042 7573485589 8768296689 2335724288 0868062463 
2489791895 8416944579 0029592863 2288829382 8009160324 
6063532023 8223124737 7367874061 7940901041 3815330576 
1028300884 8864941592 2557543809 4606302586 2676989173 
1846156393 6799577053 8251493415 3048349312 2434806333 
3168840269 9767024473 2749061897 3633454332 7828082077 
4402667097 7817820783 1208572634 4560947085 5485214265 
8489101849 5735031866 4217482298 5673406328 5256420887 
4664253405 3395045023 1027544934 2901916000 8441503984 
9520215325 6001639276 6936647780 9584126560 4290645256 
8061709558 5204187128 1481347434 4515393746 4754963442 
2053892610 9954944289 1463675389 5787605584 2484190258 
3118172885 0215885837 8806898930 5945215392 8137465408 
8777536100 4235101493 1084607654 3290946086 7969100188 
4038416225 0090888837 4112448306 4612377523 3176545420 
1486843335 3152580752 6673468582 1776462554 7987715800 
3780737152 4124840869 2569070492 8900666781 1402797916 
3653743339 5145161411 1072264561 7628225991 2478849099 
2848729888 7052980830 6524599355 1737408241 1336775797 
2723356826 8033781163 5754998347 6669908238 3781455439 
1621551285 6385576818 8044803432 1321029394 2162408135 
4802623088 2224191231 1925661205 2550161349 8997753721 
1303331839 8096362166 2471863300 4541360033 8330530579 
3860790211 2932032887 1749951452 7204506239 5800542689 
3173481835 4080848734 7093887388 6190102136 2175650259 
5911351442 1270210116 4809309303 7494167291 5936245687 
8600346602 2400339535 2251424491 5160604299 7647942423 
4983779611 3498665910 2717829299 3124652842 5630398244 
0607897986 9734206039 5170075318 7578630616 1264714500 
1003208115 9416960435 7882471847 6564441351 3385091862 
0897857462 1805394727 0574914758 8858463426 6518241468 
3879858080 4824882080 5502019288 7763490205 3551585624 
0018934643 3242686366 3411740303 1223423717 2519433745 
1401469092 8714729058 9015061523 8956228461 5203146170 
2617566758 5862095154 7768283562 5450643162 6437458076 
0714178578 0027587608 0483325967 5887885318 0959596581 
4816008065 2129817919 5843985925 2951844584 6927246647 
7076091516 8517463856 4718762214 9193215623 0101271310 
5284450748 1070026502 4464178587 2435677992 2130399652 
1838279141 8482652816 2510461472 1163047907 8224202348 
4217623506 4391415298 2300554362 5701476369 9588784501 
4405130574 8180118673 0872375965 2465204643 5093431303 
9666558562 9392515681 0381694666 6203136394 3991734489 
6713982981 5627411988 2627235109 5251221821 7047506862 
5339926753 7797846680 9995420421 4991134354 0701022056 
9268199940 4251665893 3928498565 6673473325 7949343731 
1852048961 4803989074 9110350313 9468334077 7866936873 
5475491107 7611269470 2987821125 6476568149 1566691909 
5529367320 5595772792 9512982090 7151577300 9178847796 
3374300214 5803603144 7789062007 7155490476 4805424270 
5131677668 9353266943 7359097224 0083159402 3758388314 
7635421404 4086042129 9577016536 7296599020 4836305777 
9854577067 0281905871 8648306138 2527527860 0758790702 
4358743812 1184097439 2908362239 8912538931 6731842659 
5596595484 9588145573 5273119107 4691798283 4574376785 
8841443980 9369945323 2606572599 6975882421 9293587914 
5436934910 4390422637 8176755732 2498731475 6957013416 
0414988729 7960683857 4148390973 8944823408 1301095658 
3016594628 0719178447 9826332845 5536359745 1218726033 
2535781792 4068700106 8616506202 7823681063 4292874145 
0813730609 5489089247 4450662277 3308385268 1090209081 
3243131511 8495335969 6898903910 3170864371 4328426824 
9064812666 2406926704 2133671604 7057426553 1382424342 
2085609793 5006501412 6838867933 3024186546 2230747202 
5320717893 8050317199 1787349112 2677621899 7084782360 
8111600798 0195606821 3562664092 4595140594 1919888659 
6052780459 6189879889 7812460445 0752043911 9510874257 
6253503374 2853443599 6680254877 2112938561 9101220742 
9651120888 4295468554 4392519090 4093459699 7623225136 
6844939593 9143105822 0054977616 5119323633 5578447738 
7007275167 0887701833 6089731053 3306167400 9407487608 
4857287050 2540396522 0624984387 8079142123 2920380618 
8310481723 2109300172 0191485125 5372112309 1515719016 
1271374065 3683546403 4590901751 6919077376 3122126257 
2265866454 9644959123 7496183719 3955151966 5045731490 
3486981404 5381745736 9758982275 1137745630 7867235621 
6976682523 9245298159 0467562185 2858455891 4530148222 
6584053595 2639098539 3717661971 0158783873 2782383755 
8472442882 5363726210 8186657407 4402013077 2139829403 
4324598455 0348898469 1608935046 0604602972 0752430522 
2505088484 0981344559 9990758681 3154752220 4656145766 
2331404526 3269653527 9292379792 9373929190 3748696719 
6463071806 0724784747 3965505170 9747509660 6260234290 
3764684445 0582247222 0213238638 8557145132 3474982034 
9966040662 1177777297 8606443414 6736621110 6480533161 
4307054651 6482946603 3764356209 2912703240 9021043510 
2759540397 0654729979 2721089618 3967315084 7030362204 
9840208056 6869922524 6595358373 7496013314 1790035370 
0524645605 8694776746 8897309441 3691010744 2020272238 
5751420522 5470819089 6349914219 4431740411 2374851728 
8954308018 4574091031 9994611280 5564334422 6228957934 
0517365029 5313360283 1432970249 3656220118 8073837965 
9686693856 3040365542 4493757197 4210249374 0570193694 
5138482569 8600195321 5162568971 4018351165 2549600636 
0110312028 1995349670 4616097462 0829177365 7299785645 
7130696516 5001622777 8852738340 7259835596 7397082404 
6315259176 7380422974 3178528315 6494449545 0369564011 
0936985581 7985115027 2119159176 3800482965 8130789859 
4703973120 6537802032 2760344162 9732969801 2059066824 
6901430294 9399525015 8989047710 5080253835 1571584280 
5178152642 6400657458 4027917036 5562834115 5199917788 
4995168857 8980881405 0968676482 5608157587 1689213785 
2614348240 1986700859 5949183437 9968727493 8039243990 
0124089292 6764545234 2219220757 8413785334 2487883353 
5474932468 5978019743 0738916781 4296105044 4496628579 
7198684931 7044974915 5067552127 9111615838 0570696819 
6572594815 2986672133 3525808676 7899959649 5159606109 
8889306228 8696613263 1217557575 8648326279 6857114153 
3502647214 0795023598 5958527648 2031363986 5562813744 
7612938148 4774020225 0445085912 1825095624 7790738896 
5494526502 0370785100 5311569656 2202984993 7475086136 
1904397629 9599031311 9008043197 5245809400 0091455821 
7454526625 8052740399 8131693257 0018276842 1722318051 
4068200502 3092966177 2701854460 0370433014 3234525164 
6866456105 2172069290 6036720273 3353961577 0828488823 
7288135889 4045344902 2699453876 8784657248 5781928755 
8201702633 4879541782 5355455575 4906825006 9979739505 
9504613420 5343092698 1905725531 2303387133 0291285031 
9228135696 3960128385 3455211594 3569140977 4601581987 
7741238198 8958667271 1142729583 1082708986 3920462180 
3453794556 2433971856 2497127140 9579259619 2307818840 
4535552979 7774221068 8936733885 5485881072 2367687848 
5938225154 0354409948 2252905928 3484780136 0135009151 
5811453292 1442353962 9875548306 8015588531 6596656339 
4478186222 3936580697 3126128512 0024220474 1143375961 
7769910633 3914637580 5203581547 0306229527 7217035148 
2123853049 3265705844 6113196562 2545238528 6064449330 
9181674712 7236972720 2950026266 9493867606 7390723574 
4132686071 4781306327 9625225213 5834514617 5319707352 
8090113543 1467773945 3471024006 0895178155 5830757211 
8215079950 0558837744 5473192612 9253830499 8174304023 
0702238909 8160761531 1099288865 2872560217 9498866339 
6420618209 2131604317 6801177815 4296636735 0787241918 
3405805978 0194136413 8016285792 9818320868 4244469747 
6095946754 6593513927 1920270860 6667009644 6912642578 
9697600503 7528190966 1537566185 5458062643 5229492165 
7908349843 7925743197 1587706468 6820018182 3204868998 
2564563340 5013849665 5764029708 3448061878 6696893121 
6351339668 7831362351 1774979419 9305482289 8661904006 
4715435959 5792275442 7777943966 7263372974 6627797753 
5731960843 4724918119 0210119294 3925903802 6026484174 
8444782005 1685684303 4661441250 0612254411 8553603669 
6829948065 7213953513 3407886924 5327059129 1498280174 
1121071884 1342687878 8829800210 7119318415 4769063232 
1330356647 0428019983 4162572610 5167041311 6849386770 
0277509498 8441085136 9316956444 8607593170 8354676736 
9017773894 2973154551 1459227701 1103608430 5577182412 
1223403292 8229874439 8644640191 9560923000 1439499345 
3060442579 9693849177 2397816149 4511312042 0486863791 
6752530634 9006652395 8044028984 3539255578 4845807220 
0332029250 3465974481 3261401733 7334841522 0872649858 
3672364880 5643312830 4693053048 7353905968 4897769410 
6624899681 6465510182 5562769089 2330654374 7477325157 
4823464207 6182693720 2001112884 9083740841 5666378790 
4917715791 6261744725 3356921102 7963136363 9619333830 
3169096058 5634786515 8364104095 2185421892 5393845365 
1900094568 2188235121 9678534912 9074727334 5761908795 
2770071453 4296428857 7789197970 0517737331 8942564746 
7787059514 1670950151 2543632545 8585059092 7777223574 
4136906107 0592541796 5794073644 8940133684 6212597403 
7769436292 6710786480 6916569414 4947649627 5547975269 
9750611239 2906590555 6029980618 2775792321 1986904515 
9059424907 6760144944 3302144753 8110788616 8394173626 
8247379536 2048578667 3661943401 8375399507 8873570769 
5697363348 9060966234 1520330327 3664416840 9155972675 
0606818691 9542897295 5496780074 2088808731 9998422933 
1801642263 9183011407 9597049126 7195672661 9387623534 
2306778374 5037399215 5604973161 9654537918 4136237601 
3666098734 3740561564 6163459852 3847828523 3197307913 
7019825090 5853269294 2864012889 6615562366 5336680867 
9676269021 9338587009 4706204085 0270178945 0516817868 
2770319342 7843070164 5193131391 1485790961 6968441606 
6209283732 0833387867 6414883913 5298925848 1845308669 
9758841288 9658670242 8755687731 2359003496 1649957608 
2923775226 8936555707 6354134082 6557724889 0243575485 
3975257909 1134201798 3026115347 4517489394 2282388277 
1044974234 4359228203 6621472973 9913674036 7101215970 
9430824875 3447698010 6697699031 4194078502 0801000638 
4516220354 2748953285 6955258016 6987140127 9094554658 
4468531729 7663885922 3272280239 2295725516 2170439537 
7986809188 7085119555 0148345006 5354205895 8817281907 
1594632777 0613634760 9047316518 4177320017 7627496686 
1929830048 4784222251 6625268124 1060317143 6519456728 
3488928109 5890446951 0765410361 8988534832 6694340218 
4793134763 8061335551 5202360217 6365618271 1315453253 
1524831850 1600255035 3002350998 1187456840 1397841324 
5041292489 9510635618 8398860593 9985186066 2669837430 
6821560893 5364080372 2105692217 0621065402 9033468957 
1523900667 9969843981 9719944948 8473637992 6562713791 
4408554512 6277376803 3692487909 6474511063 0943048104 
7440825975 2902764930 1909961828 6720668008 3812477082 
8042534854 5154944826 7335177099 1586513972 0744453559 
6290620297 8965148227 9964382284 6241004949 2538096631 
7158494746 4968773242 9417148601 1775792546 4809222939 
2563484734 4849734476 8767897255 1867684457 8041930104 
3588384787 4498471915 7546612527 7421065198 3403688768 
2177098564 7989749664 1796375853 2760889483 3993789803 
8693590500 3885915004 1822476926 2139163222 1151170732 
9740757299 9505921614 1953417954 5395648258 0695755819 
1410105474 0858366976 3889748544 3567038088 7776225342 
3725236685 8625286860 7011120737 6644417703 4759239022 
0540292118 3363592076 8287468191 6357344362 1225846855 
1849117378 2814989331 7329432868 7866734127 7094195061 
4067843095 5963466118 3009377235 5931550084 0818820429 
9011125362 5495158658 7987779332 0160602302 5399639582 
0888578524 6406838930 6031488155 1188185106 3392801380 
6882947755 3386857687 0062873818 7175509620 2301678908 
2957729937 0394812355 3225117730 6514137747 9705343893 
7964519477 6233680444 5661037728 2423774640 6531747191 
2285508752 5701248555 3034958425 4775511192 3104174126 
0896041764 5304738448 6184959876 8824455494 9742237079 
6274252261 3785956150 8152707173 5522514060 9247146628 
7707657592 3280000636 2366178185 1820146612 9968973204 
5067019387 9122339028 0196792848 5764215175 3605032428 
0495374126 0170275740 3030534227 1641863949 5786000064 
5995239276 6917288951 0347832507 3178136744 2373727643 
8574252177 5361860499 6157784516 4056212512 0075711268 
6925439127 0548041741 3062908526 5480196487 9811114373 
4157554754 9991708223 6619650715 2797220508 9698520513 
6490535547 2784482972 0710781457 4514568460 8611157295 
6596317579 3886474842 4633163765 6494481161 6192160462 
8737029040 4097536728 8613066251 3809093509 8491430915 
2013685940 3499036297 9313644033 1259011869 6488012087 
8666141208 9289781050 7017559263 1593289475 9333535558 
5396153573 7486473277 8846929005 1483756269 6456927138 
3010871929 8422825611 4413262879 6930855435 1482195929 
4806708059 2226824590 6695987049 8056520226 3218860004 
5813384821 3383801071 4011937050 3199986558 9124946066 
1314089799 4650450291 6697723288 3060195184 9785565324 
3552234794 7617679257 6544582052 6605167994 4760722705 
5026040253 8069305498 8610650921 7465565888 8730178883 
8412895999 5965915932 2793045738 0841437898 2357797812 
2166391540 0107412133 6095716896 3667005748 4589520547 
9261619617 3666179668 9247300318 1633077684 2912398177 
4002938069 0464820050 5930567210 9704707235 8576276559 
7152866857 4058099115 3560586905 7244722420 8349859427 
0765145780 4339879341 6795768137 9636208339 0395083293 
4495580595 3637604854 6223113625 1679236438 1354247748 
4194804358 9332145988 1942136057 9294167412 2615999836 
1085501672 4402649352 9026929476 2413425825 6387230319 
7435078616 0646176951 0121854106 3220308171 6611241488 
6764403388 7297576584 4395220221 9610073743 4541485089 
1687133744 2678359527 0561315212 5262073869 3321830593 
5658930621 0304929209 5355381454 9511601214 6419843979 
3903718964 3986934878 4158909220 9093907042 7578219059 
3570943076 7237024389 0053453120 9670035089 6192224298 
8160876864 3298293971 4882496041 2446513280 8211248922 
4188331444 7492688036 3423918296 6671662822 4156781839 
6752437966 5967458116 9914928136 9014502279 7801359769 
3138653945 5472068457 7771745913 8536178479 2669537103 
6950896377 2279061281 2365479157 0888690766 7689081937 
4934061036 8410673860 0541100262 7870087470 5947106586 
4514391969 8055970695 0556505015 1233936665 8905717331 
3364476421 3070656757 3199190393 8811893825 3075210882 
8595161475 0680946883 9245740011 1354702747 8698216862 
1274321497 6651883003 1960333456 2235534421 4173681170 
0595766349 3676223290 6918488032 3734519243 4912465665 
3297182384 1739691986 5871333134 1207105170 7368341724 
1234472371 8672494151 0842704961 5549503795 5015287382 
2486053846 0676720392 8758686262 6169843822 8056015875 
7866830925 1223040159 9897538489 2283600959 8075215949 
0258074717 1577353748 0669005001 5349853590 3697672297 
1043715921 0984693912 0490542624 6339608550 8249182328 
6584393402 6293826856 3715259623 8947447178 3369996618 
0201154788 2499133236 5221595665 3404857011 2325827708 
1886215013 0715779346 0027439516 8927524355 1823962408 
3915012347 3924668651 0022276735 1541533981 7443806293 
6818843187 0219539467 4578806838 7330450266 9934820474 
0930850952 9400887069 5181863254 8354824966 2607066502 
4995646819 4106470407 1227311004 2154418554 9123163407 
3401961809 0749872367 0338997499 3439243991 6588065128 
3667905641 6957365216 0502822448 8521757361 1331742947 
3563577483 0847833098 4929574305 7306045041 2840297114 
8973655233 3702529333 2859341544 8831374005 8107262424 
6477515535 6118977342 7429425968 4019406813 3338141610 
7490916404 4307805277 7297700938 2768736682 6928083628 
3467725910 0328412812 8935787611 8865330379 9439157109 
9173130876 8414829814 7316743892 4150708123 3304663866 
6526885171 5228773495 8086507090 2110271308 0114880705 
2510861641 8161525567 4817104786 2194001056 1280013464 
7100048960 0816181363 3986131437 5953783573 4463470097 
3802239706 6733317884 7121742166 2379783395 0508494584 
0564804300 5911201841 7300502241 9629811376 4325550862 
5993667297 9212123968 3362625433 0792019745 7555379857 
7860333993 6113973147 9735858804 6748266319 0555031714 
7510740826 5754553845 2600524391 1716394798 5454385464 
0477445274 4423208201 1580589401 1041094538 3309204755 
9831301278 0340587673 3811345178 4704239620 8849358293 
3994762948 9274926307 6151959475 8086352305 0039063526 
9755089737 1963214320 2797580886 9585297731 6219835944 
2566894666 3498655664 1828527840 5307103946 0383705531 
9530705781 4332061654 8372087637 3054215104 9819639823 
1622394615 5540162448 1922748898 8991548181 6161014129 
1114223327 4248071051 2027849723 8490440264 2968076980 
3440316010 1365988085 6422960754 0695695571 3350800535 
6595188841 4562653198 3654599814 9354703533 3965788049 
4761273209 0048553113 5908697471 4535368901 5718969841 
5775481177 7941076041 9019145652 7288840405 1882795084 
9008264536 0132429152 2888893797 5199955998 5968288936 
0891127109 1030997306 7570621865 9729673463 9843061928 
4295504292 1054669160 9154182803 5178323684 1552181865 
5679634071 1124306438 5515415624 8975176397 7188126209 
8408736098 2992383637 3030275059 4187706262 6357378481 
3688683682 9333969889 2774446869 6966294996 8966027691 
6003698605 9689047184 1716000197 1841236265 1997930127 
8741913927 2279869802 2724595229 4015243220 8404817539 
8124008257 6371360670 3033447765 4114042743 6996205412 
5145048270 0210515174 1189088254 9260977472 1462055366 
7790075520 0879989232 3465359252 6127377276 9545671215 
4449995014 8452685432 5974087574 4450235595 0317588809 
4678670624 2795049681 2231738195 3193469955 6151004209 
2153608326 0321530691 8572722599 2986003953 9254734318 
0646477064 4415440963 0859833209 8942811738 9795068274 
9552487066 2827328053 6479247410 7235461194 5944265379 
7874986979 5964322144 9501435206 1663273608 3387789574 
6269008896 0941621373 4426382002 6765753391 0341892476 
1056359888 1700835396 4495585219 2240769813 0525217319 
5013237419 6453428976 1658135407 3313026303 0285478022 
4851925520 7832323745 4832679632 8907125627 4752461229 
2929641409 4248502905 9474155759 9275124250 8506996634 
7353764294 0738391820 7419091625 4160972844 5916256144 
7272170590 8293857676 7130454384 3359908261 6086284671 
9632875160 2860804035 3472085362 1937494941 3665519915 
0853689237 3512748507 4294814451 9654169382 2917931530 
9180378204 7287223894 5587726485 8456583583 6888354176 
1056472125 5643864015 1856876957 7988275174 2224347111 
1552623436 9721170763 3450466532 7247663342 3782119587 
9117615783 3972287470 8451279886 5992451832 7916414459 
8280214437 2701894626 6803579233 3375174806 4104993185 
2188455068 2118360856 8975632511 8138750460 9424195574 
4326397198 4310789277 5247235667 2288395527 3552360662 
2598788598 5396328772 8445468369 4923676064 8441227353 
6829219132 4554704074 4216668206 7461265670 7964301200 
5535159904 7417085461 6373362027 0386595227 3806423126 
2187406268 9090399816 7108615021 9582650064 4977817357 
3185052157 7151608476 3131429710 0682482491 3916249289 
2556126384 7673862182 3334522830 2857013815 5437476505 
7846569058 8394825313 4199813962 9573625019 1985710580 
8466792364 9110592908 8055068338 2177183709 4406269993 
8269197068 2447053200 5794540835 1861003661 1615609450 
8242398650 4199873162 3838357466 6454521887 3590261219 
3453160485 8339212666 3772506208 5190546236 2373373281 
1425816643 8424988979 8596679541 7592003691 3004537037 
1962753606 8718301376 4812127410 5614824487 9598635108 
5005487349 0298447752 9757534939 6655307150 5515441039 
0938653741 6665215918 3354997382 5668932645 2686208235 
9621402396 3409712242 6826870025 3395582693 2243805998 
3242690845 3047814199 1498931107 1015716947 4955576352 
1945874576 8629630183 8990582420 1278786755 7969347231 
8503074461 0603483914 5987949779 4871139135 4629025486 
2822249743 8944743868 2661643606 8318124885 9872326879 
1076616230 5380086029 2158338144 3284532240 7462355418 
7998881747 2381285359 6838289500 6202252464 6357316108 
2663603643 1485635531 6050499154 1441308872 1541443317 
4525373210 6513961197 3306948781 3913096873 3186136669 
6193940257 2004993080 9999534821 9427655878 1132352187 
7812457183 4239764680 6973069793 4060813830 1890778537 
9227621548 4664088231 2642981642 1239417456 9713566615 
3982555543 5294981722 3901452223 5919257419 4314642182 
6647768886 6772502171 2329415228 9784461629 1056628542 
0071453883 4167814891 3456674450 6929129063 1913561846 
9153315855 8135076487 5413218594 5574577015 6486652616 
7466208580 1070023556 8168758105 9596769989 0198547270 
6417531288 4874941390 7086642080 8062769445 0131967019 
7033551810 0417192425 1364427448 5219781537 0357770961 
7978036554 7150100641 8180502754 0735836312 1007584869 
0420360453 0637430343 8876152382 8983557372 8526027901 
0965811358 3990082025 1064150068 4886037785 1451703993 
6269383226 1888230189 9591271000 8790754166 2874832239 
4452285023 9184867913 8156920568 6354321704 1633586370 
3532435303 8603138245 1788944252 0080485301 4804232640 
0652099629 6009664177 6937613082 0806870201 3088347209 
9991664558 0574702972 6506424859 0310071846 9895310690 
1743228378 4757153675 0984970434 8348205993 1223224751 
9854853545 5451980842 2814507464 1693251741 7116603293 
2667762278 1908348972 2751003080 8975252050 3024664935 
1264612784 8908741183 0385877998 5696639063 4505200221 
2393452668 6579920442 3861484757 2428901051 1432888381 
4583700148 6782283330 1640727611 4036941362 1157371699 
8560584173 5445608033 6888906925 2435338105 3971593150 
4525920940 1288682676 1957851131 3238397636 1566212857 
6482640972 3566892206 5045948831 7985864101 0564381869 
8894289927 6314816131 1411978394 8514389640 2016161447 
0282221756 4827342006 4615301617 0156730451 8618437705 
2127062573 4225871506 2895985488 6176205229 6168865652 
1583778424 7149479866 4877070673 2481799084 2497441413 
0307727812 2172757039 3898531076 6265694827 6197633287 
4465960455 9350180212 3231361682 9469105165 3679961314 
9656188142 3079790028 1970207530 7204137744 9667453062 
5110784565 7924638003 8273856860 2245895406 1439361499 
4048484286 9698064832 6210846438 0743336558 3986880899 
8847151429 5701014512 0549668428 9667486610 1866876512 
9731396283 2144102683 4165860359 9114389318 0762564434 
4609274750 2825373247 2243963582 3144186618 9835337323 
6916808695 0292204814 3623720481 2347239217 4822684291 
0666117849 4353167259 2385041053 7793110490 8157295800 
8218904109 9653740522 9404620198 4820594719 5654684300 
7682203732 8399061467 9207880313 0621080742 8878267456 
5222795103 9753018549 2450108066 7143565220 3409852097 
1712751588 3904861311 2946667339 6409924349 2647162312 
2346056816 0044054572 1462865662 5616892869 9746838216 
3390433176 2863708095 8285081909 6974176212 0740550851 
1001815330 2081718136 7176854348 7272089172 6067431810 
3868754990 9642874280 4106528574 4478313994 8749789244 
3435373201 8837509779 5346044005 2811978526 9275442489 
6325741629 8794288255 0607639516 5108387117 6646737663 
8752697508 8379398903 2883574021 1229563543 2087437414 
1624949105 1576822711 7417711932 2329453919 7409213659 
0860000476 2024328188 8116116364 4928715559 9082998145 
4358403717 0956530527 5679006103 8582200502 5774224292 
5697737322 9660938546 7336929449 6815432605 6858234085 
0739091504 5923150813 2267678106 3632505958 6274551489 
2282856540 6945222105 6355802862 2416764055 7695260322 
1833562396 3739880801 4246118755 0546095550 9412272002 
0016673290 7897800070 9638482831 2446295596 5450221207 
4332643657 1869713451 4468968889 2295108020 0162568079 
9512184131 6098330970 2178276860 2448714433 6131445923 
2060147349 7481486913 2077424597 3643394920 0730885748 
2067224118 4792682405 3304598692 7545897072 1315458415 
4047723222 2083920803 6324127217 6311628918 8164339403 
6869317135 5826800063 5173209745 0524378305 2633429820 
5158572929 3729065144 0822520931 4003833442 8600943717 
7696508292 9411189712 0873707840 9355275475 9466760770 
0739582996 3258388610 6737450792 6180433067 2514053521 
1613376789 6036538579 8503221845 0837234572 5893974482 
4492032873 3860279920 4201279950 6284586176 9293493474 
8645046491 9686353383 9144956932 9353499139 9224536641 
8810063103 0710950568 7734454230 9645895436 1418630876 
2414944474 1986669834 7713405300 9577978720 7929146238 
9626390884 6392996906 3931016383 3638321319 5393793042 
8049848759 6279495977 9336483584 8003784161 0186331741 
4981336434 2738798030 2577970218 3088650364 1810622157 
1029282021 5871814456 2664355191 2892390746 4494910427 
3596927665 2311469566 5844581811 4476377375 2350128593 
1265925760 7505565019 8433567754 3209175069 0113587867 
1619549365 5202913909 4377173320 1558080722 7333191001 
7793165196 8154228088 3705765075 9883759702 1754117738 
0871379853 3896289683 0262981628 0553011075 5775897853 
4823854812 9828105014 9628858871 8232218048 8826018274 
6164487902 9172841840 0029367469 7066526008 6282843883 
0881335633 5802435105 7763528593 3515444380 1010244994 
2174781896 5531884708 7378155223 6440714542 8295483213 
1189537540 8182160748 6597977762 2791023082 3364843617 
2336602917 1933992616 7882868980 0578911911 5696128611 
3730404222 9962444456 4522881179 7471536635 7914615049 
4381217969 9911719553 3929154679 8588856908 2819110314 
7183811299 6786565145 3059679813 1908004221 8270900569 
3044807483 0083456425 1502360936 3752556383 1935174270 
3436292684 0234776413 8990390433 6235185135 0263930095 
9664448987 7604174378 6038172342 0607907143 7119444753 
9522843551 6778885709 0934059098 4262800755 5002487258 
3065055751 1259353896 3151718260 6584600128 9326829742 
1617913081 1687821272 1039217579 6983370070 5560047926 
5997432364 9525447559 8623484474 0409617147 5662882753 
2509173759 1546032508 0960114432 7041198731 5969680079 
6893604075 9775018037 4094171469 9818850466 2898263050 
3406281730 2823197991 2553091836 2807799251 1330655577 
7258958054 9721937547 6854503466 0721841155 7053096747 
4247232869 9207294954 1768648905 1896687507 7362184297 
9151157585 1590669815 4334699735 6951876553 2300615728 
1995740879 8433268786 5483877037 0483886796 9634471044 
8810366625 5295862834 3438480462 6781221476 4251660197 
6422702036 2945087987 9092306899 7762622023 3634117711 
8201539905 0173071493 9961155484 0371522826 8577998385 
1093840045 2826367576 1260563984 3913529408 7394557427 
7648499241 4146858242 9138579177 5623295402 0168247866 
7600210215 1382666411 0130042178 0062344321 7919523686 
1776961388 0500659250 9070252900 1557499487 5260137231 
9426962837 6917390123 2800260299 2780683106 3027349010 
1100314067 0779004579 2769827931 3684945163 0895091829 
0483029650 0190892833 6498837214 3961807932 0874232876 
8068649099 2044495073 5986052895 7211699519 0404083389 
8408356330 6643854128 8900714754 3866567070 8501846953 
7900325716 4362715713 5734722510 5929586511 0984068456 
8971565825 4557256333 5559457657 7747618020 1568378523 
6403149785 3809831566 2531858094 2578510581 3904615465 
2480727198 3290957729 5805530088 3576439354 6571457913 
5927674664 3254483845 4558273091 3986167177 7995943499 
4550317477 1436597966 8345645423 4578234953 0220337939 
2308962273 4428667174 6679865568 2537325145 3774300922 
3721202753 1693856659 7761078235 9801886307 5075604083 
6771274187 1458966983 4570275384 8703603042 5842802127 
7883107135 1132772777 4992046483 0373404864 2790225836 
7600773900 8365615912 2196628426 9036366602 9854323536 
3179945147 0339639496 1386871671 7763056546 0918856551 
8443445168 9033462458 4682912414 3175358657 4989124759 
5560896040 2921553939 7744642887 7279516223 0612464779 
3088265423 5748010717 8091527740 1654871046 8265535703 
0989813108 3104309486 6753941511 6316766582 8140370086 
6865547643 8339770427 5712504474 9221422969 0806227876 
0854440485 8813995712 7475613019 0263751507 3878311885 
1441005371 0314183163 4743367511 7492320531 7682583915 
0342354505 8602263058 6870277924 3229691617 5459534404 
5744739971 1712119207 7899158121 8062470944 1550694727 
3514012345 5020462906 7783378176 2141918901 4690880707 
9818100673 4859396797 2669348769 6523832201 9108208731 
3696579981 3776062143 3456083913 0799199491 6188426151 
7662011516 3301336524 0268650603 9217254034 3455286751 
8082580104 6290582083 6468110735 1833729751 9614561225 
2537135677 1188784251 9940235439 6224247751 7373345353 
3891507262 8823213219 6100844063 1515479985 9952158888 
4711599783 7510010625 9724395444 2905647837 2428271127 
6886130872 9717667450 3877844706 0504981792 6326301121 
7932857796 3021341729 0584506938 4231278574 4709828199 
0368933332 3225245658 7848649909 7175032022 1672852149 
9882775465 8306559015 9584351618 5552054897 8267361357 
9627957493 3052201119 1610842080 2369961389 0043993283 
5066345181 6407683899 8792241323 0641588672 5004798621 
9148727609 1383655534 5671757845 4745567604 1291332244 
6095514831 2535361128 7145210743 0436355478 9821369772 
0092793013 7261704890 8280393909 9983557408 2898005613 
0326328048 7840702588 0190853877 3031881871 2730746136 
6420509108 7496124190 1769134499 7077457528 3633978323 
1561103564 8212470903 5953681610 3938413756 8833771578 
2793829413 5462391627 0576056022 7177983532 1108182513 
4419902677 2861049687 0350607337 2089355308 6400814265 
9916508722 3597269462 4860483666 5891130395 8507510474 
4947269939 2645264605 5226651892 4976453080 7213109352 
0962315760 8488311382 6036479166 8246800841 4223588777 
4104611556 9322707887 9326874361 2837957576 8538184074 
6778209846 7762736724 4691118916 5465543048 4797104215 
2397792892 0676389663 5896383566 4180589442 1474539622 
6231753265 5797252681 4663117697 8012993711 0982453405 
2292709330 0399629513 7144383195 1350573178 8056663961 
0421225778 7252801325 2838483308 2997288182 5074988518 
3147176842 0564258524 8475129554 5343386763 1293546440 
7773405000 7219968380 1405226959 4709199118 9551884053 
7007723165 8195210530 4731149144 9137585879 1465623887 
1946479845 2652848026 8964713172 7151501040 1260230712 
1222879224 6888113632 8743346672 3782055811 1794202721 
6479225653 7042244877 6329697012 9276913150 0425202259 
8108009997 9885590235 6890432902 3147853873 8724020947 
4483853941 7783679432 3325613093 8177205017 3430979624 
5324951033 9055541937 3115567810 9600573604 6904087935 
0621298748 8240528497 4393964694 6584677743 6237028014 
1430030440 1661790116 5797602697 9051136930 9091941300 
4043992505 6649562424 6838020340 5089480290 0026376220 
