0578640552 1562274015 5388028003 4689559175 4312762186 
1314760525 5689989509 4989323834 7287908253 9984234639 
7579120047 0117076564 7978008566 2647461192 1493201815 
2685676334 8584378214 7331176775 3820642489 4580965820 
0413472695 7162370383 7207793565 9762005227 8022518225 
2963200325 3692765319 8445965838 1037550792 8342527858 
2591745643 5006260843 4416311297 0195537547 4851856666 
6109082130 1768897917 6081186745 2945298815 7107661286 
0214031901 9653862395 6291513139 1540587849 6630720194 
2185802070 5480546447 7547695567 8720896015 9717907361 
7241406114 1977276502 5290138599 2813531379 7092560361 
2068498388 8215192251 8132179980 9333597821 3175107048 
3806021942 2357710899 4591747051 8247086038 1957578800 
2816155616 1166585331 6284726372 8589024423 3722087246 
2933270283 5317492841 0044347263 0417990086 9416928737 
2227838080 2882663780 1392053292 8677292804 2365659125 
6451489454 9289320084 0060968418 3178390593 4902376205 
0002243391 2426191828 3291801084 7706957415 5867364119 
2801283496 4582068331 1575462623 3916641813 9061988522 
4573436830 6773983610 1046423164 6413313553 2352273752 
6644533820 3004095510 3219288976 1040287882 5716543401 
8178388741 0155412948 9492109750 7774609559 7715247869 
1288112448 2928425719 7468820488 5654909561 5768512861 
0593526780 2656143938 3358592178 8673566005 9653009853 
6546206425 4346379106 2988857389 8318354369 6792192647 
7578037976 0991519977 6315697301 9113881696 7770383136 
1743164453 7854570073 1936052197 0015173541 0076686960 
1305437275 8816070499 8778936501 7422246617 4381932691 
9286242930 1061984254 1634604853 3061312244 4410053811 
9042170529 5021020394 9284993280 2291875208 8000318240 
8337953638 6422378318 2669354546 7637857036 0640399221 
3306997783 8159195259 5555888781 9155273311 5500131708 
7949016677 2728426303 4494974713 5658767281 4394265492 
0526300619 0800059109 4495621854 5217579084 8418298466 
9384194955 8812074700 1060376835 6344103320 5450016151 
6572407201 2529860495 8894707972 1834259701 6438475984 
8658280980 8690549036 7726146202 1539863629 4163771793 
0476272183 1365968096 8500291803 1141079704 3113811864 
1849141586 9758498660 2245464927 6513102872 7586293867 
0400213000 5951781635 8644077874 8117806522 5685065307 
1350734245 8944602683 4620834580 3133921453 5422338754 
4486303860 7087278502 7777775086 7762992022 2402710743 
2459134004 0289287209 0265865447 3562108425 2719222866 
3131418011 2202868765 8119592727 1283513242 1508816450 
1912089966 9021973736 7720181554 6709893992 7354219911 
6273165262 4506949920 0284852366 3471619210 1353179446 
0181932739 6072124887 3981575039 3461817020 8223027956 
3933543167 6555278850 2935163273 4594726579 5104011499 
7344823774 2065875730 3463602505 1615613927 2689820660 
4832108554 2322084072 0240030913 7515825417 4604210574 
5596153391 9845890027 3971574375 3802242641 5567778759 
3079348042 4536014455 0080463441 2405440897 2659399663 
3007997972 5921292231 0941947078 3842041830 7596625539 
4324456096 3589541422 5661367379 6928542371 3764749526 
3375569771 6260219922 6734913942 7236091784 6761965872 
0575970336 7639965915 7563639934 2505878894 3766830142 
8916417573 8503388810 0786002186 2503880088 1754282047 
6784272595 6719604840 6057121007 9656164926 9169969392 
0855774499 4249775621 1414133332 4323795150 9364096641 
3408084475 2861415797 1242508505 9258050810 6462051245 
7221688482 0197934411 5322991552 4820485989 7513010075 
5988479695 8676495248 8027942323 1241980738 8735906666 
4964915113 9629244887 1057045643 4199781743 7109316921 
6647620690 9405665634 7912220876 6735316201 4395794445 
7621663868 4660165500 5339479315 8087747107 6476445478 
3961099927 2348900285 1457979744 3446604405 1117604558 
6177008433 8760531480 0885367357 0211565036 1045487992 
8403753217 5914820188 2993997086 5269064553 8159173954 
1840830826 2969421422 9603619265 6880385459 9914531553 
1953051939 1834550185 8845493495 5788237465 0985608212 
9842400795 1804176372 6731295371 1599532987 1379480968 
1866455468 8514436258 3503666244 0852558593 0624414700 
2018821220 4642192591 7234593398 9619257901 6317752923 
8655519765 6249237162 8465685389 3447270690 8824411028 
1325841910 7757550548 1596675431 1956994397 8415163324 
0688940704 3926608112 1561861902 5303220713 9064676977 
3268368150 6611237692 8002489683 5575713723 1128842582 
7689287823 1095678118 9966969774 0948934872 4146614973 
9727949412 6610763694 0295823628 3034824223 7176331997 
1843239990 3981284939 3985868272 4464605407 1699259408 
4518183571 8891094351 2641768469 1477909225 2837837532 
3956019474 5349090551 0164233807 8115996634 4826207141 
5872381354 2032404931 7575753370 7935096946 1348285274 
6513771468 3420562623 6321971729 6199917086 6638304381 
5049988726 0671726765 7248389966 7394934781 8640599731 
1990052966 0035329941 3932648526 3280930082 2108367705 
0197128707 6699002478 1300851305 2729668440 6061016437 
8230719136 3070494220 4938341960 0953509993 9871351587 
9252197394 2806151356 5643134081 6156888490 1747824857 
8366068004 0392675996 2908630937 9031115067 2767194187 
6882462830 7518879506 8973905489 7988939998 8362663176 
2238054216 5500973438 4360758921 4242046806 8102248730 
7387780947 8772352739 0164557430 6789841755 8609780598 
0115965586 6608180878 3531930027 1259737913 3589578973 
3400876344 3118861486 9768378811 2151087712 6677572310 
1833251113 9198516665 0796809644 8532556638 4175831166 
9493885921 6141667456 7555538237 8604424455 7126333966 
7721462244 6741586901 2956205456 5276810473 6368260978 
9864963005 6827907376 9198631560 1291614256 9306478100 
6989197020 2265386741 6260304963 3997127366 7679574289 
5556631401 4881184615 4458200759 3167883566 8267089919 
4556985802 4090677654 2744450798 5684535490 5475878108 
2742772021 9796600382 0209978659 5196994492 9335431694 
9164917055 4412944820 9296760925 1479903225 8890049539 
5499572299 3018062179 2621124071 1016220957 8552704888 
6053819284 2360852957 0140657674 2213483133 2602634217 
7054373095 3570108907 8073022135 4982636285 2887826558 
6915685634 6625947313 2585195659 1384689244 6244583440 
2277049670 6653499387 2354752090 9770648817 0900011063 
9125571874 0682470471 3672257092 1712228672 1119172532 
2046914596 9221561229 7524374555 0688205617 3695494066 
6273325260 4137044629 0865446151 0442560076 3291794861 
4510692258 8794437481 5778912508 8591113417 2233031567 
4973819208 6397220651 3520158280 0869824687 6537375323 
3446669783 7732810111 4526195995 8866650108 2168815975 
9495666029 0352758332 1493728643 5874599676 4765258208 
6055524473 3912117129 7976729814 0379890972 8650697649 
2032209927 9240402066 2929795608 3333483709 7343711038 
3136407411 6484760050 6985201567 4472277835 8999608425 
5788427247 3530611705 1602021864 5681801484 2377128587 
6616591199 0118688140 9516094024 5806826199 0511296112 
1275457411 9275346382 2939947534 9910748595 6141079594 
0104716129 6588915916 5679925544 4422507796 9298705769 
7058479143 0401182545 4535611172 4273371399 9994326721 
2771932319 3391300068 9026267852 3004204477 5981367284 
7437901286 7170965176 4782559460 0907601267 7038666595 
5450974046 8485891271 3323990972 9337983586 5350809726 
7094853161 6454530790 8715735299 5507516924 2502752012 
5482063398 8339034478 2848948625 3263843703 9404450543 
4363120240 4956819485 0386290285 6933719155 4779296289 
8845325057 6597682076 4344629468 9814524433 4205580449 
9465858237 5053659570 5362244038 1842993593 5441506813 
5070920577 4449799905 1667690538 0209621766 3656068357 
8158732037 9231026760 5286259507 7654529057 9527210420 
4138524615 6860576562 8218747553 8902520578 5080074069 
3372942987 7374630579 2569937750 4026856615 8661680407 
6154221619 3889794638 5363383112 5958244187 9709719549 
5224074795 9539519422 9768582513 9007695483 6547899338 
6356880618 2905679340 7651975802 4674217910 2503322169 
6437760044 1282077990 4903233081 2317611237 9972572146 
9283312184 7175212958 0119166422 7393514437 6698375199 
8453064578 7366407773 8069965291 8703123194 5950041645 
1412022582 6972469814 6148818462 8904987272 8361923812 
7204197791 6155713134 4799687575 7033935401 9325461289 
3602565440 3122892178 2203409543 4438836935 4604089544 
5802479018 0847629703 4197962302 1602945161 1247691650 
1860059811 6417274382 6673072895 2978409244 0165695776 
5725555729 5761302425 3354790950 6761981919 7014241516 
6593574460 3959673618 5325510610 0792443466 5329441818 
0701214764 6030124862 9639975333 4724745983 4339008685 
1604672402 2521613626 3343752004 0663234254 9930842141 
8588260982 0943615743 2408456471 0825443101 8830907726 
2585702511 2104655164 4620072039 1537464739 3215292063 
3797970985 1707477303 8060536283 8981511969 5460644201 
7113929566 8853118832 8062643343 1701717020 5170264852 
8131841251 6343924730 7171335549 5060515867 1361101058 
0504697835 8806115072 2926127576 9395214080 3029828397 
0431417265 7091329508 2911253431 7694308075 4686551329 
2224276499 0417404748 1341076368 1949573977 4643796865 
1830444656 6839831848 4194824417 6059863821 3837823531 
3730452285 9498310101 7622494394 0539018649 4271323242 
7248943202 2720850526 6704016110 6549298027 2688629950 
3201407835 5006817832 6612442947 3379347087 0403693394 
7444883640 1463014307 6654888691 9995190654 0631166476 
7819404973 0100375198 5705416725 2764702308 5919922739 
9842341493 3499839097 8640343907 6922427293 3766892660 
4934944169 4715697155 4705990421 7421925882 5753425929 
9956598642 6768451410 6123846878 8065445791 7717504027 
7628236063 3007943758 4074366948 1319018301 5709126766 
6207989331 7001720205 3954906864 0945149774 0977410943 
7345210942 8596847172 7023406450 6710071428 7458635586 
8678236996 3390799448 8074376088 3533682031 2113732445 
1571040418 6429258794 4963777514 5772351175 8660881749 
3878267538 7764130377 9519060504 0647630268 0647426906 
8794144744 8269351953 9380970178 4967319464 5289143892 
2238632801 0121834314 1180980750 4797024389 9193572725 
7052706054 7047281474 6474462082 2245407471 4169406520 
6969516760 0105591770 1364897132 2784201700 3356643205 
5511462217 9331323222 1711932737 3477715778 8658376969 
9079117113 1728353740 1935719863 1824447047 6154481845 
7702523441 2484550968 1281166649 7090604322 7471833668 
0981167836 5157004680 1876817095 6889324184 4073623106 
0256627475 7479697637 4720906354 8402949173 4727487308 
1201950527 0963758360 7462545479 3529542341 7127268198 
1339902641 9025763373 6116569738 5508744130 2411046998 
3643222100 1267728682 1809498907 6236868926 3384417518 
8562628321 2965994121 3751796989 0520924751 9987894668 
4512057837 3584504314 8908445688 1613840158 8039698729 
2009854086 2969471322 5986323131 7127321942 8914135494 
3233591229 3724230966 0154616499 6985579627 6327555457 
7984454403 2230409049 3465934666 3308857369 5960232857 
5018026850 2120007127 1420765556 5772640798 3020729194 
8065129360 2177611360 9391135939 3530812177 3628431894 
4173962135 5453605002 4613878796 0676040805 3169300250 
9344182571 3421613614 4401191522 8953065300 7779053972 
0033966289 4179465964 1777983559 2534222877 7465640003 
4393526477 3517835159 3305571994 7159812125 0380175595 
4757774595 1520713908 4336100115 3790490150 7890705670 
8818445741 1450883051 2299700209 9696113097 1218937285 
3308359428 8099049270 0746796012 8096971829 2839412819 
8960521323 3610705214 4317601499 5019958953 5897183369 
0782831386 3423685795 6796563419 2930497698 1520997452 
8878312145 9736846075 6747663606 0039687917 4354213850 
3489532629 5820544748 7692413303 6611832868 9112778317 
5460291279 1295567600 7418733225 5429082447 5967304300 
8045896634 5337819875 3699486335 0537722445 1590105416 
5665887069 8989013753 8880243275 8515141185 8454353652 
9874915727 1886535640 8268327225 1101470090 9898627167 
7224152877 6898622677 0369839699 5978281655 7940888253 
7183764537 4022181884 1187448133 8287947196 4454937570 
0207234696 2533601592 2182028081 7972604912 8292420726 
7129800242 3760022464 8500879889 8857231588 4221469461 
4749102789 1554652123 0594248610 2726047126 9813241493 
8149901767 3574896094 1182680504 7717301316 4589468234 
5409075051 8616610154 1070179554 1759759828 0422938627 
1555107777 9967459122 4661638474 7714601117 8964858677 
2191861044 1753073190 6039973098 1271821910 6724424419 
4814711527 8343039206 5368122142 4655022693 0206567588 
1276475434 3855734742 6328154927 7056266006 6546711848 
7652072673 3565473166 9662177069 8336458358 2683020776 
6337778647 4895873125 5219478599 0526293246 9843638246 
8573872328 4277789839 9257375979 0403828529 7787397684 
6638096241 7547759148 3096429915 5281451658 0372824423 
1957520927 7265826932 3059752461 2450564355 7559140534 
0142976750 8244334746 6243985834 3761487938 9964144402 
5141130024 6886937195 2157830448 6934438407 3455908669 
0946448138 2353532042 1925347916 8899801439 1786232376 
0175521459 4654274459 1797476063 6166524018 6206188847 
5586487380 5830893796 0029471475 5490167949 5904281561 
8428725158 5293982983 6320669197 9956738947 8800199587 
9803482831 2599253297 5991050207 3507362660 2542431051 
3286294034 9554176399 1094763294 4854290444 8102689152 
5958952145 7320122663 9910332168 0006863504 8620073570 
3485896106 1790277660 7181677068 1793663180 4538237919 
1259561984 3885760951 8028943215 7965212056 5761109398 
9915496884 0313775493 9354085695 3449908009 0127038401 
7262618018 2046673795 9946829543 6971942325 7922064747 
0975895251 0700203774 1719426389 3464967571 5427250404 
6938718835 7277563444 8769445950 8498638877 6168355058 
8497002868 5726928054 2129179585 8131914228 3803871372 
8275528683 0645433314 8688092151 6972378760 1375527981 
1045966988 2917779624 1097070913 7037883930 4506450124 
5988678589 5788637091 0482165298 1152058332 2780817799 
1560826384 3346554197 6031504888 4191986084 8406264900 
3995878169 3294270619 6229745312 7136532694 4415146362 
5697342752 4160873440 2697978790 0214636269 6262012037 
7533883677 5496915720 8241546392 4241350575 7494323179 
5379554632 3852419930 8940605113 4109851878 0558840927 
3559116716 1670187118 1553505823 6609856919 3922700064 
6822883589 9448657522 6714800463 1656752194 2019661830 
7034521639 2823182511 2778342832 8954142472 1726008101 
4787580302 1229475153 4403712723 3216708657 2434181080 
4779578414 4265189977 8860114020 2712329482 3762338268 
9209641111 6301103221 7548508094 3353504340 7762834159 
3003000533 9134180446 4235262400 3807395109 5137011158 
5095347324 8223743803 5089352893 5216587780 9760032571 
2128354195 3122550820 4126987603 5418900771 3651108604 
7181941080 8843111074 2536391713 8988135975 3193233465 
1579864775 0468457586 9893919631 1882411441 5430357040 
0082640126 7779538411 0666509640 7904987522 1717226415 
6490434959 6267065632 8990457837 6011368513 2624683460 
2134845575 6462607773 5218836021 6622168327 3267524660 
0907786809 3484338791 9815646612 0824848678 0506442969 
5846021029 3045372463 3487602599 6224270099 3707358710 
7459968463 3237610502 9378740807 9067362688 3143222400 
2634254183 4946497494 3378764251 0786294049 4355970889 
5096801337 6240248190 9558113491 3297913613 7997670206 
1469804350 1490706733 1506378762 4020662390 7027183279 
0480285148 2956061154 7406959972 5619492966 8302102119 
3050250622 6826388089 6540629845 5619793389 1284197588 
1135820072 5743561685 7677236659 3657751853 6374076870 
1008248672 7325827055 9473587594 9915271835 4765991563 
0391378571 6729854404 0275171738 8265873849 9177463098 
8127769334 1113336407 0227666786 1050716885 0450924177 
6817981250 7691095090 9144115833 7030312240 8506723054 
5812454372 7125939201 3793712989 5049768896 4104658348 
5074819454 0118577023 5917246901 2966511482 1500743422 
9928281222 7997873756 6992007129 6284554728 3485924965 
7682030788 4679506470 2194730980 1494977443 0994977910 
4146628500 9066700904 2196029866 3311030110 0111327823 
0180588984 5558966393 4608753728 5190743600 2284230389 
6215171619 5641806562 7000999956 0134896928 5573932626 
5725163640 0204079984 7141233603 8886746834 0872957614 
6976265971 5075739705 1452167403 8808385420 1531984940 
9356208349 4180844821 6518439071 8645485793 5411988652 
6224032719 1774938527 5782250382 2693597054 0054945456 
3248668816 6937021367 0549848865 2755267963 7592542953 
1152739433 8996216801 5529068835 1370329024 8458258150 
7127636005 4835685965 4294106517 0419630389 6699098713 
0227585345 9041651175 0974861330 2711360435 3170371718 
4168098731 4181958503 1564870772 1494788546 2800392627 
7518456650 4309126034 1422184230 4210133140 2856915028 
9035417750 9096542281 4083329824 7325956328 2470188681 
3189069773 4122400982 4572047781 0212442578 6794196217 
9708245494 7151657388 0791213055 9425579829 3659101859 
2952145889 1989736410 5748908948 8774613063 8684259775 
6423252686 3463439677 9838391211 9284815590 4632572684 
4298069038 0184893738 7866267760 1466755693 0214317529 
0992680576 9995789731 7628916600 9235193383 2885941822 
4344448373 3745857062 2675049768 2736139292 1256590388 
5590939178 9629362867 9219569856 7220771145 1676871151 
7036384009 9018030189 2877956685 2973917705 4160961453 
0699375915 9622783391 7112798101 2984300277 4890935874 
8945398117 3533815768 4613950841 8563804583 2986728493 
6286928780 1275472398 6638924135 2820450578 0353885364 
8470973275 4492568009 4275596516 0291034577 5124513594 
1932152689 5090145445 9524169611 3698064708 1102315333 
3882766622 9870284100 7248866052 8760375404 3021857842 
9642231635 3133503406 8040278444 1475200826 8900378635 
4784156536 3689567311 6883950433 5456317801 0166155103 
6438448861 4982713956 0795729139 0579008646 6129824415 
2281347786 4422645334 9015863717 4488626108 7774283733 
7586277208 1968306963 8318058811 0789389572 8376778301 
1869997008 9433656062 4571898381 5017674655 1248089349 
4477000837 3453061948 2002243872 5236049547 5711739466 
2913618252 4460576260 0948866902 5658132931 1350674437 
7932320250 3802054350 1852994980 7781052599 8530448875 
5072493125 5065100388 5719082485 4783899326 6028603373 
9356873644 5574675696 6011919160 1438807752 9876643945 
1357947607 1447098889 3277660530 7411631153 0139110492 
3282193110 5880973670 4743234405 8908828564 0026797594 
3534642742 1078414906 1540929624 0833879108 1565789909 
4988157126 9023662004 3280215289 5896157752 2206062145 
7988284049 1823383657 3512543126 9368037987 2686847552 
3692007777 2138117964 9240036159 0234577003 4941153406 
8335573824 8739131353 9191475815 8527625413 3758998420 
3618879551 3807317346 2244771235 8536727905 3008355143 
6917470851 6100914754 4822406092 2455757610 3986096635 
6788289455 0033360433 3720846556 7251648946 2327278693 
0989509455 8630983011 4378782588 3212299067 1329181939 
7652202572 4558400814 0241309321 3342095068 9694190778 
7020261535 7580218210 5123290813 5283195091 5725992555 
0067198796 8751463023 4571315295 3633128866 9612988751 
0461508593 5633839150 7026224045 0567951168 8694605110 
9466276723 7607237505 2884555332 3504747748 9980158288 
0457530050 4609169021 5964523830 3826292106 3032258517 
3215675280 8913584883 5485487124 1265327424 7165752201 
5793560433 8198464883 7766055270 2655267847 0835601024 
3568608832 6611788097 7031360613 7790936091 1308723407 
7209618102 3901578532 9203547127 1969105674 7947044146 
4331213143 9560967516 6261128944 4050366388 1934028642 
0485038072 8609879198 2980487313 3499004845 5219406573 
4654155537 8014662305 7839211851 1432796651 2426186044 
7837066569 4246510969 7462111066 2557267176 4171963200 
0060679461 5444473830 0958784936 3123252352 8518998571 
9809160006 8141919186 1683890151 8124804643 4719012840 
0070704117 3800540248 4159936710 2849240755 9303963487 
2403013753 5199115751 1804441626 1522200880 8978968333 
3245220004 4042973126 1225161765 5694246030 2075359589 
3240208528 9249243527 0739656513 8857291831 6494763448 
8104460321 4390876483 2655167298 7621999736 8370945854 
9393433833 2588462059 4015729844 6429786277 8628233290 
6904492327 6593292449 9124046133 8339690152 4758560101 
9682761237 2034305510 8979231752 8677738782 0132668450 
9880718026 8203922028 0484921574 3424256804 6730697177 
1218734560 8571520356 7062170083 8936982753 6191719737 
1079407399 9060368395 2061279228 5497138600 2256544673 
9856276967 5644776992 5630094957 0927013119 1929824955 
7757637508 5942369144 9068347634 5460439443 7131867956 
3025883826 8179289757 9073867577 4381973520 8131268068 
5284194436 5315510971 3356812574 8283469790 1789014318 
2775261808 8331363997 3602829599 0100005197 2437701525 
5864819106 1236176764 1145832369 3479550647 3752503406 
0992789723 0719508277 8497001196 0313162475 5510087288 
5217381291 8560876774 7856196063 8935124092 5078580628 
6682155371 2362464896 9325920348 9219130671 3471710997 
7033736289 5959783509 5325235982 7128964919 8711044815 
6130108291 8581273929 2211017926 9486428196 8328624692 
9210846438 9599692881 6550769582 2898733723 8615783294 
2848807562 1932309574 0630838089 1462836413 8116929229 
0832336756 9040678765 3576163961 7542666459 3802436019 
7471995403 4836508568 8712885529 2429351867 9946556844 
5132086630 2074899531 6987888798 3908989545 6546759232 
0605819226 1778837661 2225335473 3863709677 2959302399 
1180556622 8092649500 4498775277 3346252173 3263893894 
9491465403 8212432180 7361584536 1140460215 5525975366 
7202239198 8105028468 1073770437 7232931215 9753622750 
5157238764 5294363483 8791352898 8787905821 5501111042 
3358451831 0227611334 3358047897 1414977152 5157789848 
2989361644 9182897931 7790326467 2287494186 7545326918 
3640879828 2666191059 5314252866 3092670701 7324059507 
0622738667 0579287338 8271849518 7976068532 2806148088 
1864659328 7994277974 6124529540 9526712496 9044104613 
1073909192 1123969406 8351844696 9930471686 6174240505 
1922297675 2985296684 8673483681 1625766352 5545752244 
0318439224 6233255616 5225141042 3592327320 1888336360 
8901360504 7263374962 0582370618 4846895299 8652674663 
6302195871 6136936786 7248353561 0994037381 3996989004 
4051538895 9039103282 7945728151 1397587762 7474453184 
2930536613 6379516981 7274605208 8546469232 0417591143 
5001350395 0753484896 1569249509 0020755605 5754384170 
2901460781 8186992492 3939119438 2411002570 5182138823 
0098035458 5878116400 4553031127 7179266614 7437748373 
6623746020 2073538403 4823096876 7789362305 6167893806 
7317856631 3716353870 4715874017 2890527249 1252082716 
8930437398 2296588377 6322658705 8276813473 5329947863 
8582774381 6547793609 8561315677 9341800020 1475804245 
5937737830 3603956313 4913576340 1350303484 0739927578 
6595343912 7551602075 3086523653 8527450378 8859712486 
6716500398 7741926537 4145011160 4950710018 6493015358 
2757306955 3026842287 5848340321 0477930534 8522095490 
7925735639 7702757373 2045507991 0158184367 9809773130 
3516449897 8068477009 2412465890 1717949986 3901523452 
4231446407 3314623970 4547452605 0430187421 2994382125 
7064491507 3546929709 3206380290 3775911881 8739015791 
0382794684 9262860649 3557705792 7535699984 4748784544 
8455800506 3460310194 3277182722 0312508097 7502995191 
9768802465 8963981141 5337135068 4361001131 0996298251 
0923400768 8626817381 4285820414 1106078957 0114950689 
4308627965 2602887953 5397611684 5807304352 9965627122 
0921968552 5228849169 7344907527 8234090379 3436643175 
6882408319 2949783543 1473144939 9148449444 6342896571 
7965533285 0400946759 3996359499 0733864266 5621874810 
7263247872 4304062904 9467920253 8485915398 0266086302 
8206837106 8192586367 5616167488 3003149343 0128105299 
5998880618 8629972368 9641652045 6806077951 0100917746 
5730814546 9192581327 3129673025 5920587165 6588042033 
9131539744 1591728719 4875701426 2221471927 8911066027 
5076128944 2732242913 6699466592 7065725104 1936310238 
5981754907 9869943892 4388900893 9346341213 8281362194 
7180798111 4503000204 3390157920 4393125539 9519222609 
0889997125 6309233027 1429125014 4039818705 0042025960 
8780870813 5868664901 7724447369 5219446703 4906502238 
4096930518 2593996803 9421038583 2160164007 6947789192 
4212148954 3593744009 9937964372 8561303628 9431167437 
0894674473 7971676182 0864159316 8356184240 0484542707 
6218560664 3959788021 4216431665 1900960728 1746064137 
6846555288 9186181960 3488258520 7484555661 9089693189 
0551159916 2690872569 8821763884 6374595506 4737773914 
1580667407 6650097783 4149348421 6184403838 8310937601 
5393889363 1063154871 3459725290 4837036883 4150168607 
5158579902 5411531953 5607077038 1497122744 6960968940 
9530526009 8081749270 0921933267 4213887448 9748595826 
0981627811 2393479338 2770561974 0666378971 3662110111 
5062064178 3273090943 8642104434 1001568487 9462446967 
5999352470 4930849927 0573111248 2397592335 9898645282 
7704154827 7629085165 0379608150 5783509823 0275874215 
7795977900 4592060888 0043548743 4735298281 4703676657 
8453926047 8341670459 4176917489 4680825377 2836216066 
8568691135 1945238338 9089189111 0912798514 5874140765 
0285259067 2091111527 9925914212 8435543975 7589985220 
7175909946 2414469284 6326862634 0215826602 4982921158 
6948010765 7666054916 1908778645 2758667194 2368344343 
1434193812 3350021289 7771314250 0052922497 1673107771 
0017168511 8882299889 2084729467 5210622424 5534716079 
9120832204 7262682159 6886645081 6735096164 3933992447 
7511462369 6703082302 0942646253 6749134703 4074245876 
6524088261 9103362519 8046411371 1612273934 9796447567 
0145458128 8427010677 1962632936 9178482286 2791205618 
4982809090 0732388615 4644578857 8285840970 9604774411 
2659161889 5177662916 6252716872 1718762516 5136317089 
7961764648 4309698655 0203832749 9036901395 6616772453 
3477735942 8410507910 7689335238 7935549818 7846781230 
8125958197 6513263542 5639402346 1702890360 7081664241 
7750144015 1789871339 4071954068 0368401437 7753823023 
2741686512 7331446717 9277067541 5259373709 3421319759 
7040931481 4919948898 7228678226 7469651931 5663052914 
5957136183 9749552474 8019433927 9493656351 1497990843 
5426571310 2019714434 5952011778 7594580375 0787462518 
0499505221 3989814784 5950331786 2578489997 7510091836 
7587992192 2826055038 0285078100 1785441580 7312470071 
3812448131 9901891828 7915172974 8063153541 8402724973 
1986676050 3046989214 0012207784 9186541670 6288946143 
7398736216 9714665740 3395403546 5704207132 5868663336 
2792832121 5614881054 5073264464 3989838002 4170684921 
9912974800 9428508166 9435649295 7834344123 6526169848 
2303194094 8633410216 6069882846 2310983387 0141892807 
8207374832 0543074954 1642896324 8139509455 8993370449 
1826186642 6541508190 0582707235 8841898280 9980191510 
3517706388 1643966427 9347043773 6480269578 5368103679 
8665319390 3768776582 6608503687 1810357283 6664336505 
7717227866 6728793090 8099722192 2188813671 3093480501 
0525726415 7381340641 1781621048 0678714302 3891668115 
6631072876 0536945753 7784780650 5850299526 9117032333 
0371671960 1123523444 0747526812 8928355868 2868402632 
5716056974 5001944449 5170180661 8108190644 1054552466 
2199746055 1083766582 8858129814 4515267490 3802269567 
8115007030 5237616097 6160751647 4358393341 0407798055 
7722934775 9913433136 7215978661 0550734227 8371167761 
8319948593 0275857261 3970586584 7098686679 5339609462 
9188678055 7171136878 6100785500 7438818571 0641269205 
0966991492 8942274974 2545108502 9268848939 5447482286 
3067499394 2734032486 8374491455 6473583037 8788605984 
7569183700 4542330128 6627585792 7095106789 6905333597 
3429361420 0328824671 4880458353 1441386307 9762659740 
4893087110 7688512323 0786079342 4512201715 4558018416 
9216407608 9577132875 6451994313 8023272075 0051287556 
3762033975 3300605391 5208115880 1054294431 7855589339 
8246356458 3104692415 8286611788 4901004634 1407609499 
8214465414 6039283751 0247350589 4407349196 4954037027 
2245345722 0124463687 0031384833 9842309183 2402490157 
9518659337 8599282947 0159857959 1968598386 8598194490 
5441298097 4841995536 8963699635 4717206181 8135855259 
2623299539 9169375917 0924286136 6421855846 7667720623 
0544414885 8262537053 2082454374 4822903027 8027065751 
0380017108 8178328186 5145986558 3258719554 6458525341 
9757769782 1772923612 0713336412 4028163497 0014373150 
0885527129 1758919608 2897388980 2021760821 0487754500 
1333613191 7131976208 5641491481 3796406630 4065403542 
9084875144 6093045428 7978881572 4796980056 5660799594 
3883648202 8316033894 6679044511 3655307314 2332760578 
7108207926 7604395353 5466422536 7818502682 9228847438 
6393039583 7400973858 7014265108 6344620470 5175847605 
4990457272 5750315085 0585856819 7468429290 4170671661 
4133188504 3846980797 3560177710 4811768366 4107793967 
9436202684 8191177314 8240899769 2555128826 3145278012 
6438139137 5696394891 1084647998 4997677906 2995454495 
1573178700 8040712480 2833371117 0264272301 5442391360 
2066185340 6307113082 8152074975 3719314684 0097106225 
0371959216 3865824282 2894083649 2726282455 9605155252 
3505912078 4146707605 6758736733 6189411174 2761679155 
5301719943 6756847928 5326732265 7804559329 7864425666 
9444338925 4568991712 2537729840 4289632547 2825553367 
9890350772 2310316422 2255936866 2240293289 7079007749 
6213095713 4962928964 9293878759 7564476663 3100100120 
8538049136 5778048694 7710046538 4219708755 5332495654 
3022798404 9186231967 9062531769 9314735845 2802777820 
5886769223 2477965323 9355985991 7992633825 6860793129 
7153065955 3948783277 7388807136 9814974640 5066251751 
4314106466 9754807888 2506210803 6930301495 2360247668 
7170177830 4594493982 1354666812 0189155589 5109323779 
1066397432 1717152861 0129007333 5180113311 1413566846 
8007910399 6224531505 9620716207 0402855157 0261433581 
0300780277 8165023775 1720096785 6240169078 8151274926 
7410160630 2319578673 3309667419 5332631791 5486900877 
2125173072 3578980925 2253022563 2265419023 3991410380 
3099343538 4580270680 3344427165 1927725823 4253690592 
4927564449 9599318933 7302024156 1339217286 8821116886 
2565852709 9872906016 5657108807 3894875836 1695217062 
0956326824 6090399618 3788978720 1822687023 7853568344 
1810012149 3461723067 6752863599 0112808891 0089647377 
9245979568 8250073985 0238077509 5912981555 3066924895 
3573727641 3238566846 7817781405 7638772348 7604032512 
9467647135 9436659413 4553106314 0695856263 4633689731 
0651638074 3553431261 0069096745 3765014405 1981183492 
3531887194 0799399909 5538928957 7987504772 7780327084 
6609361548 8559657996 9702595623 2802846174 7441648263 
2048724128 2989494781 0298822837 7461856185 8232334667 
1858688349 5818421919 4388322204 1292566218 2136162779 
4490041022 3801402421 6582366043 6391323122 9544346569 
4982722206 7908232880 7024151373 5241623122 7477573032 
5612470426 8544338532 2470127977 7859978351 8199543021 
4875947781 6076188527 0838202084 8349974712 7552820257 
9694699665 5381939593 7982896137 7844300795 3018540036 
9661661157 6286812079 5797161535 6066202735 7626724712 
0993482629 1145872585 6610030202 6165460068 4814387146 
0837279792 5961459932 3921101703 9733769873 4954390474 
5166541954 7377441161 8809167007 2852497347 2353480092 
4594736914 4102322834 3634384103 7207710013 4620579466 
4067075309 8240855503 5768869970 0784814367 5510401545 
3365221491 8883832021 3279173749 5225085910 4094126462 
6158726646 1619176963 1733141663 3744493848 8514859513 
5867901870 0795817364 7585040709 6563444530 0631086513 
4015456864 5460985779 3768228464 2303310173 2799271214 
4695553139 6650548172 7640197265 7906219538 8132535096 
3250947445 9898910878 5901696922 5819860487 3251616314 
8722533208 6811525038 7783903092 1096397314 0870146326 
2774873619 9925160369 0351640181 3228638410 1577891383 
4548208695 3949114165 4192122441 0372588235 3735283296 
6225404053 9599551254 1880469553 4701692796 5818084221 
6911467794 9577090318 1471995224 2004890588 5593746441 
6153490934 6821095273 8190692493 4012585401 6212983888 
2360671129 9047278538 2510932212 6760086356 7887299111 
0606474438 5406313070 2691579329 1147168357 4893086073 
4176203484 2422557974 3251001003 8643688160 5524668277 
3280148166 9787349633 2099634172 3779237883 0351660548 
7167179287 4001119144 7262456712 4700249762 2458224027 
3977070270 2350323771 2416913149 1308448027 2640099449 
7259572092 3593023069 9273000522 4907365141 9777811827 
2030525906 0505366479 3101848708 2839762435 9765410245 
4719021296 4624407218 7868542913 0719911560 2213435981 
0926127809 9244929883 5321421151 6880443052 4223133517 
2036687591 0920612181 7157215013 2304915038 5243127601 
6026780710 2779059878 3630284909 9513323332 5655424283 
2331269708 2604828410 9116462935 5307970134 7159992856 
4268898897 0076744233 4648965004 5114824894 4884381190 
5203162023 9561251550 8011429345 5938402258 9044523549 
1606770575 2641775197 3609044020 4483367881 8915689702 
7789366044 9983167550 3334609974 3453906679 6812379833 
1363984458 6220491826 9859801850 6280836505 8175856328 
2867239702 1647037926 1157543687 8345664046 5906078885 
8593615726 0733764794 7362839418 9492835760 5048336449 
4011349865 4912082100 4813255068 3756281970 2568696995 
4918762197 6397204502 7900446675 6395119376 1315600645 
4486485525 0749799420 8500289544 4499533574 5046836622 
7668720824 8316413599 4803070601 6118223091 5617525952 
8490028995 2934287376 1735102674 2418815937 1599489096 
9792225772 1440139091 2722461788 8387436080 5196751530 
3147911414 3357320736 5859049304 2773379844 7129195444 
6454304400 9597518309 7418233761 8633781152 9128015178 
6636009016 4769745449 5895732314 6795549938 9337513949 
5643626014 5495926467 3734721602 1885313265 4468600885 
3720772213 4527510310 5952625307 1110235537 8856916499 
5911692208 3888770780 5173543839 8567867015 0963780886 
8647575766 9825323540 4424542840 0882687477 7703285382 
6199762542 5819929342 0591217977 8082778705 1185845230 
8972985638 7686511275 0727634100 3599414660 1222794895 
7495592036 0994603780 4848385525 9599108171 2362827442 
0401784980 2110317627 8778875030 3630226361 6097666758 
0106039555 4799787456 9981579733 4233997424 4475884531 
3933453664 5917552581 3475504634 4267161094 8908179968 
9592267046 4402169176 8051005907 1844735263 1235416442 
4864777438 7877651738 5347897501 4025204069 3299113532 
5561481360 4353296831 2928991295 3561529040 2759131767 
7341277704 6365308522 1325754863 0793354788 2996383406 
9993715154 2249438088 2406473326 3123350461 3882159479 
5169175925 4509848097 9110892331 1377895396 6407460834 
5730097651 1706075241 4362883466 0918003849 0635692685 
3296400551 6535997857 9130606640 4745571908 4866250414 
6276335720 4425087660 3320764120 0276837147 2025839577 
5725483081 7635228170 6577594153 2708326625 5391096897 
3058504562 2593689849 8975622702 1582652652 8062002518 
4416489819 1969095582 1207898972 6717646133 8008395664 
8772201932 0463671881 7239547049 3020927986 6104118469 
5704868470 0496386412 5953067376 6660389421 7618938754 
2375224018 7458159722 8442522907 9773722925 5101808867 
3990839885 4921449138 6356253886 3789161591 8884240512 
9981936517 1369259169 5779199884 9494149771 1519431575 
5826307059 9485758635 3474963975 6855970386 2678054007 
2008974502 5270519397 9698125296 8831191645 9045209756 
3052833730 9486023832 9627213225 6900737675 3391116829 
4719812770 5742624375 2213758250 3200873637 5320464500 
0573891793 4659235577 0836220414 5285013907 9464067246 
6736018275 3798544781 4076921256 0856944810 5416619567 
5264750745 2390254517 0531094066 2636682474 5757346070 
4065275753 5777432010 2391334113 8135775033 2256114390 
0976099469 5213981770 2841461088 4136085659 1839329939 
3135808195 2707069270 9276077217 1777909876 3854634460 
2405169049 9497747577 4828730093 3978940641 4736945719 
8504829905 1348428670 7099150933 0445796639 1953558914 
7801094434 5098270173 6772409790 4948059288 3846575269 
0821406840 9367522488 8424661256 0526950978 0101260577 
2822873599 3798499770 4573176117 5869419846 7474290486 
4012319967 4462226863 6332600764 1107029348 8972360126 
2149845968 4160318742 4531584352 0548918590 4535694196 
4460633379 8849315311 6954758361 1157497667 7407031544 
8057897817 0504573192 2588154943 1143902579 3450499895 
5003727042 3618264568 0415899700 1369770936 4618431829 
6660690731 3547636451 2034680880 4485446394 7988105468 
0984967013 1795494286 6813882765 8444650585 1797712368 
1426745854 7557138229 0726634603 1643813750 1465429194 
5359934360 8206282790 7253188657 5179734245 7466122502 
7443019092 2429627769 3665315871 6809444242 7862498407 
4946655635 2680450276 8435782113 6273406943 5616425153 
7923224666 4582371079 3214590444 6111092210 7039760456 
5101012869 7605935565 7979972303 9393868396 1799189869 
1799159386 9470863242 4160101610 3098873785 4395677314 
8297234896 5947671427 2134128400 4376210660 2005505662 
0233395195 7558645128 3024177142 8237157769 3287679784 
5227571042 3728172468 4454616224 4727036661 8640546724 
9250144671 2045654783 5726921447 0538798054 2744365066 
5491900369 7852300703 7200614183 7257113091 1168102172 
2867212589 5948574600 4353295033 1146957965 6490062446 
2269539125 1125286803 7826375208 3462010919 3920529940 
6735316501 7583782632 7641004899 4464890719 5082147841 
0208366699 6441555489 9731185444 5953123278 8198843519 
3646690756 1917443638 7489862636 2765030272 0686092518 
8097236088 4793801625 2950392255 2102831859 1195209521 
6030879709 2230631824 3049051361 2517852667 8309896484 
0762618711 2119385645 2332588015 6358456632 5681536597 
4140063516 6538527833 0279933276 1818731642 9284343663 
5161566325 5280877405 4766967000 1881483129 9264949756 
0617449945 5604840565 1692066062 9441907471 1647405755 
6195518345 3874064046 4663446523 3320351037 7844767588 
5666660901 7287520982 2447115645 0455672431 1091957346 
6626779195 0351111912 4849140645 5543525772 5496566392 
6785221917 6238547538 1971083198 3228483946 9222949537 
3749317257 7554258096 4794985891 0268635945 3576135514 
6603751391 4968451229 6745547842 4717793060 7499992487 
1503917371 1331059841 8240045774 2575917866 7121950517 
4289611967 3898889045 7931260778 3631612978 2569411368 
4507888434 4497866404 4958957817 7977537633 1750386865 
6921432845 6590763877 0350854549 2288177459 2134644790 
3640967193 7884800156 5990852627 6175097739 4016437406 
4232153788 3413005026 2017131975 9124864587 9230068500 
2533813548 9151319984 7109339798 8436544604 8272891549 
7107603731 7445126097 1717062154 9152309355 8078456283 
9217995093 6649904409 6091569942 1493871124 2914663120 
5469132238 6063352687 4046418697 6497513460 0318428982 
5747512025 8445983103 9820140609 4846870769 1618383086 
2387891061 4682419728 3200526150 3851106819 9058351769 
5632365696 9414236261 0152155381 7250369391 9882029271 
3685444010 6294367264 5120333442 4480829528 5077865022 
3588668479 8729233633 4526758265 4613647644 8809927763 
3165502130 0744945298 9543396175 2661174901 6912130058 
1095542449 1226738528 5122343836 9598397804 8397524645 
1012058826 7428306399 9608907655 7344363448 0149048829 
8357189816 4096451011 9289853987 6088229692 2643542082 
4456841236 8752332589 7783852438 4542275920 5676092607 
9584672793 8663976401 3337529817 4103800839 7136698750 
1792518889 0050961627 2530290638 5122448156 2947348667 
1807921675 7439502335 4187971463 7034135950 7068879603 
1015016464 4742239232 8672923717 2565384290 1470659068 
8672940694 8425427159 0520534093 3901432108 1313854582 
5970434858 0931485506 3394187054 3754820191 7022688231 
7510901329 4136171877 0058091133 4579616422 0301259802 
2043107382 9668649070 3750445386 8442844087 9094580713 
8389620954 4920759961 5536655713 0684404695 2712994878 
3097134507 8827572484 4899897349 7039622465 1104987770 
0417937126 3198665504 2482645042 7132291612 3093246164 
1353303916 7689451483 5856927021 6603190656 8999303527 
2966942540 9329858504 7142854083 8671088927 3443108736 
3457002691 1192432496 3772982294 0094402075 2024662066 
4473839172 0442575483 4014539408 0354627340 9990964069 
0720756229 0737468413 1198586578 7988559142 5214708035 
1784967358 9369335350 0754467232 4613125258 2687046375 
6343964639 0594790703 9289612597 6486670569 0718158460 
2993604285 6641652378 2711376077 4562109031 7980865717 
3199934312 8179691294 2962045569 5201243315 4460835957 
6565078324 4672112585 0077609968 9071429906 2146372250 
1837031998 5169220050 8139102053 7898391562 2992500646 
8735679795 4066278295 0224745926 6561768688 6293211625 
6560500845 4294559032 9173720098 2085881735 3746878318 
2064470226 8612764976 0906343394 1566490264 2621944959 
9972627879 8874206865 3774840012 4027120252 7473344361 
6681302272 0475458702 7046409864 3467573641 4944556040 
1804690256 4908532516 7271670951 2790052393 4217027430 
3288614132 3309616964 7556020183 8621599787 2360962122 
7570421099 6873700071 2257994295 1869630041 2954188779 
6287240932 7846179804 8647907699 8905777338 8605583824 
9114228316 3748692878 5381481431 4622428398 4962337855 
7735086051 1010509261 2932309949 2474189267 5131618818 
6207532574 0386848069 6490469827 9991221611 3866566382 
0326019135 9684025156 4924790644 3983330031 8078952369 
6165184056 1410338434 7993761781 8210047435 1909070654 
8064032056 9117166432 2099215471 2404616942 4710431522 
2205104885 3663827047 2083522207 2281792307 7243786214 
6298606683 0039443184 0318971195 9387588071 9811504839 
7750862492 8452053766 0993570351 1384695978 4295954406 
4857515050 6208497122 8123360639 5414804523 1830375903 
9230419312 9358047025 3223963911 5127937593 6015140870 
5351460629 8995194074 5755354886 8619822693 2469553821 
0219472021 2488490442 6365539530 5394353300 4050613359 
9683201666 9879477207 9525866914 3318990921 1865226058 
4960881496 2683654672 3498404814 3810943198 5740368377 
4663709365 8063733929 4587946644 5168261148 3334598089 
4813230142 3449736300 0817700302 9015416740 1795744361 
6201842207 6053577654 2316284564 2764409375 5689715537 
8728695987 2245740725 5862889162 7542274001 3939248909 
3720555456 1607842415 3956188399 9055824797 4029707414 
7881435727 0791492210 4355774546 0934900573 7681596828 
1968019771 5906457966 0575494254 1814453299 2479819966 
5711964551 8856556568 1215133490 9804658037 6847618266 
0137371756 8372741306 1704644380 8292439165 3713296382 
6165307231 0606823338 8999951025 5307327441 2094269941 
3792011010 4663208749 7154105874 4582611599 5906877240 
9428697875 9462694298 8054778607 7645800522 9407570308 
4063851604 3605931255 5658553312 3116554638 6554103007 
2699344773 1181690786 6280119553 2248099561 7127881556 
3935190125 6077112884 6947322636 3577830259 6564232697 
3847446967 4793817191 8349844120 1028423519 2195947941 
1888645207 7960231343 0632171743 5406924886 2375881350 
7950130195 4212568538 9606693125 4279329444 5046041439 
9751105930 6830758986 6631208970 9178673814 4310626732 
8572913524 7335737334 1399649816 2256056419 7417879844 
1560213301 2302960042 1489114784 8575264386 2518142961 
9136898382 2274941558 6395787408 2378090383 4140879297 
6445118888 0233720098 8640122361 7417643050 6370381076 
9278341189 0172940132 9462385639 3085315322 4422276881 
8571728893 8851686500 7590484415 7097366365 3939411381 
4143300708 4179831172 3439743212 8982693088 2817908454 
6083522761 6883923670 6701819377 9063875186 8898267898 
5926122487 7072553707 7468090917 3812195568 1542467817 
5824986359 0845775282 2108733709 4710053447 0431626453 
2650987541 8704826040 8504943289 4496711511 5564045037 
5992218315 3150621894 1768079740 0402678059 1637359492 
3058021891 0561624590 1301913073 4230922011 8774890541 
7634752347 8720509575 0830124580 0976089449 0201422832 
1517081786 3829715178 7541023277 9377854072 6836395180 
3722727399 0724613281 1667262023 8536295804 4768744894 
5589355612 9416678771 1514445952 1507280112 4528978389 
8892439805 7926113395 1171633727 2476322035 6134137665 
5493609107 6077542886 3941537509 1128355095 3891017569 
9273481058 0205244749 8860656941 4068805981 5714553496 
1021164041 2992071191 5738223964 9687900615 7717959575 
1167559084 8192969043 5593444902 8936964861 9008661184 
8364084454 7092298808 2018696435 0102416589 2806728934 
6189212883 9980588675 4723382266 2874674898 2760072139 
6917908199 4180723645 1438298943 0173553032 2511478911 
8467993569 4376925654 5351140882 4626441787 8175405852 
0462752091 1945517150 7153223229 0031783786 3929972645 
7950413622 4307388747 4295884203 8653796300 8878284974 
9101536714 0448727060 5223983274 6544345293 5652807696 
0477221503 0240603299 6082014428 7406646309 0243695582 
2017514819 0212769591 9485480650 0251596627 6672115626 
5827038707 2145811474 4697943698 5067657688 2350350632 
7908552602 7524578452 1393118971 2195956022 2778010521 
7056312396 3444611270 0212586723 5737090090 2467406949 
2576669653 0479737142 7626570535 9574487908 7619929979 
7549154709 5674568662 6669331781 6026949924 5637861334 
5040128648 2682564546 7814425734 3138486006 6826797672 
7082780868 9640327625 9416788405 7145941148 0462916488 
1285200102 6105619845 2785431676 7343019418 0028739280 
9461519481 8546866310 9907951504 4881336501 2546122141 
3542791228 3913036947 2625897800 2733168003 0312219807 
9222723393 0233396990 2493238136 3017812136 0113136831 
0388677339 0012252524 1037628839 2001146874 7397830196 
8151623448 4584417084 7115405630 6712215025 2400600956 
6845020996 5442357785 5478800658 4453063354 5865197485 
1727110468 6923708210 3742383445 1621446359 1642683264 
6976748511 9161178393 4195142162 6343457280 6939369671 
6440345231 1179813313 6747255810 3023300335 6470919313 
1184154932 7154187214 5395500896 2151995577 6480953224 
7281705684 6283525646 2754305762 0000172149 9028964513 
8438331171 1658584177 6451061858 2508210472 4546989085 
5260571543 3473640776 6059802184 4622302303 5764928698 
3535477228 6691167255 0929264234 9535911297 7808670676 
4009141760 4725110184 2295428946 9724271931 3957825111 
7713736466 1288610993 8596154463 6685556640 6324240965 
5115271244 8740813863 3958403290 6830166375 0515937889 
4470032446 7944420500 6232380567 8075861405 1617949156 
7587848547 5379803613 3204588672 0131374684 2227773933 
8301015927 8738266403 5207938573 7273318787 2211600697 
8868491056 8876737354 6820717934 4205169186 9120733906 
0230403595 3144024848 2755249884 9668639056 1518129135 
4913330689 1980509583 1954745243 4768855877 3831041434 
4539933978 2643790560 0793257790 3268772389 3359704089 
2906379862 3591326882 7691204823 5322685331 1130949276 
6145457891 1147071816 7829879548 7397796649 3933404999 
5804451114 4263787805 5006181201 9428565801 1511604965 
9751470936 0848244784 0715101656 8819151547 6308537089 
9177749500 3154677919 9405543023 8455568432 9587122807 
0339303655 0805203590 2690222574 3269417733 7833020778 
5088164599 7749984355 1470304189 9310927886 3628555954 
9866645215 1460832243 2702939865 3547117146 1120978644 
6464432561 8002352000 4864169280 9012519555 8796777707 
1201415854 0324292727 9651399821 4262542785 2383618248 
9744008376 4657199183 3956603365 0949707852 3288974588 
1493347730 9948639738 3182019324 4687919192 2759819287 
0591900590 7540673571 8523481186 8346434778 5054157828 
2244907985 8408700586 1205284471 6335877723 3043808270 
9137396889 5056845553 5232618221 1102373127 1368814205 
8398385474 7049000536 0938657617 7773048783 0785597217 
5388186172 7200525683 6873008672 1769154412 6287754950 
3239222116 4872217861 5226209112 4259237746 7055016125 
5823546154 4208744584 2149647760 2559572740 2918471645 
3158885258 8278842868 5588949650 8427039429 8993544274 
7557848840 9253424367 5964612654 3810920255 6299820515 
4148019374 7004803579 6677458741 0088413181 1872582385 
7854484888 1668277133 0320509148 0499027063 3866946909 
9351248792 2710050927 7461414952 9146261051 7648599069 
2992381759 9024416187 9497023565 7180951442 5854995765 
1792962105 6744600221 4133673754 8079860359 6959468569 
8337977267 2852875925 0604441846 4357782403 6237766702 
9872832370 6045274425 5506815180 9555888683 5891475330 
4570116921 7308190413 6821961979 2444604264 9934384845 
2732374619 1137110824 4643350169 4801550253 2841846287 
3349226613 4568944139 0024706633 5547078814 1605485679 
6686564326 6981303178 3621646465 8820830050 3644548129 
2288496446 1641012502 3757682821 8945511845 8059573209 
0939462064 8677509380 2437912896 0180082794 0474817422 
0633279147 1284209513 7010561943 2717629286 8579090949 
3218055568 9790662862 8915473754 8673198693 7384664195 
8561889977 0827990016 9246494251 9034737770 3988630149 
2011183528 3723279199 6507771558 1634061761 9698407222 
3186782701 2354034994 3842916855 6505151743 8377353920 
3225611599 2975687965 5748563713 9984984188 9818723863 
4477477355 1501353507 9191081808 2698953601 2524782547 
0432140977 8469323294 3801472551 2584376086 0998146021 
9969863154 8473576292 0809967022 3123077999 9766892614 
9370948131 3117612672 5029020251 1250176953 8583175793 
3248237475 8716019598 9309689954 2945715238 0277892235 
6850487641 8241391023 2691491655 7444484512 4608305145 
7874175073 8717674417 3551101307 6455378978 8752222185 
2058613301 0759127201 2841581609 9012918291 1856667157 
3929980929 1799149161 0004660333 2922577608 6756566635 
9653418185 4225605988 4318442721 8109423181 0906310605 
9677332784 0395059606 6977210277 7361411827 2064342985 
3844246587 7284718517 8836337528 1932542583 0054996146 
1483735041 4191861619 8629106706 3879119517 6205055641 
0548148530 7823643720 1653999652 0950423890 4116749764 
3602902434 1956762244 6851420894 5656803232 7777818280 
4023531717 2716161384 7452643425 6170300403 8807168888 
8421475795 7281324163 0693977190 4869321017 7484934395 
2208897797 7460641321 6065912354 2873066349 8564951384 
2991511937 5415682688 0464034407 4003191648 7524228128 
9908496049 1088752481 8976629544 3946375362 1983060853 
0266297677 6229728237 0884106403 0679839570 4550798642 
5562413295 6970690312 6069372722 7049738584 9063548119 
4665353366 0264315355 4561276200 2245436501 4092870701 
0384502494 2299682469 8948193110 6380584896 3834966842 
3154689585 7394178100 4780274310 2434361706 3937322667 
1414047645 0553206852 5452777271 3379959897 1912933510 
9533521837 6237814482 8212389833 1839226954 0362944194 
4477939338 6294782085 6539160276 8654742216 0219745416 
2503479486 5733087486 9636214605 0796657211 5585682647 
1256401983 2368722180 1627370274 0854612331 5314874653 
1939362613 4387278498 4098267899 8619691220 2669754590 
1203347487 1715272034 2378485320 1997739410 8939918323 
9935343608 3831944835 0407170160 5001971940 7955692916 
9441248268 4602905546 0248055663 7492567690 2358565496 
3056305499 0947383386 8200225327 2751014765 3820157189 
6891764386 1760384669 1471270502 0901016679 3143538898 
1799261389 4958205684 3152542717 3339845849 6778421955 
4228496937 7538214198 7539836280 4151385327 0951507067 
7831761849 2686749245 1878878256 5238807875 5933987418 
9923941064 6608428415 9517680029 1899674460 4562347684 
1746284361 4905240996 1460913299 0782507767 1729948737 
9930049706 0952190291 5918788156 5502948692 4994826388 
6396823849 5608685005 7999208125 9169809576 2500632522 
7429775722 3532446463 1299191602 9527828387 8086374379 
4848781600 7986691844 9449520338 9091181996 8400143601 
9370933054 7221904717 8616199521 1092911279 1700197667 
2020216396 6918422241 3495352640 5415034347 8493730094 
8107500099 2303709153 8820155082 0033012007 6040367400 
4750282381 2172353310 5469837101 0096575548 8116614281 
7419714224 1111465396 4940881068 7135316799 6748974279 
3722635135 8103899882 5451605536 7251021364 1692900321 
0731223430 0723995569 1422524643 0126273566 6817822859 
0169033995 2558864708 5175428439 7934232749 2533998925 
8403923207 9835993252 1574358425 2303743666 1389938632 
0008006457 4750880709 3799846274 7096657080 9436929936 
1070027345 3815684801 4398180022 6497961654 9839242472 
1495385516 6490613388 6994794487 6407062566 0160551717 
8911310515 7898124840 6744154043 8634321808 0496035776 
3693369650 7502496754 6596535171 5008599750 7640004559 
5426370119 6268335042 3969409324 7325407321 7465365771 
2189786335 4556824170 3910378182 4265672441 5781843849 
4538256203 4978117494 7104658950 8232140820 4782053999 
2217083096 3792471914 3570526892 7378829630 1720459841 
6396765979 3992468451 2021673155 7594061085 0110840150 
1493958481 3243143264 8317063835 2293389835 7328629625 
0064539653 2323409016 6345534976 1453977754 3545510180 
0227298781 6661057242 3124306235 0399126692 7255939838 
7044682244 0569021752 7208905973 1403171949 9393757606 
5170443081 7843584689 0232264090 6702558256 3156527103 
9919878744 9960056696 5311694201 7890333193 0791287640 
4500245292 6077757355 4483085149 9121604626 0407966357 
0042929414 1521078517 9395124892 9311310872 3403687549 
3332119971 6941558224 2253234526 9916514842 7080749649 
8243209108 7091302719 2207360528 2398890333 7764824402 
4821643674 4892838932 7178724630 1295213777 5840656766 
5034225484 4795273438 9296263521 7069248295 7223372372 
6052121486 7559012437 5106886361 6862068481 0753252551 
9080870082 3937566799 3000525640 0410568687 3213457742 
0110043021 2747964046 2677207960 2886807545 3328446116 
3963670296 1676361061 2095640915 9039226759 7725612770 
8233691017 9793240276 0094779050 4939059499 0355097623 
2855245692 0149233803 8955511453 6945379896 4243907753 
1543866107 9617254935 7971644803 4461266623 5380414555 
7367642625 1445905719 2580222293 0640330494 3177399110 
7745994805 1848434169 0301247105 2840011453 0117015926 
4176031004 6687984340 0676366135 7541593810 7394902338 
4595997856 6490063310 0192580761 7965927489 0217308818 
6545124915 6100845649 2191733984 1849364007 8924253400 
5288512740 9782607281 8449936233 4439677783 4164303286 
1707465557 4470958871 0661228597 9843832898 8827786089 
9498259344 4570625520 8466693362 0736456132 9951753464 
9909660709 9343125635 9749029656 7184680351 8878764437 
1927343228 4967575348 7438060586 8393873208 7107123411 
9603308930 6023521935 0237964753 0151415937 2862118229 
5259067018 5758559048 6981033613 1061953704 4107720860 
2330006694 3559822989 9720038942 0507124130 9633012473 
9898898650 1613446041 6369764129 9185513985 6413348024 
4010903820 4209805098 1881637076 5602535422 8852064250 
4748958680 8991794668 6117193250 3324823024 1059805584 
7663804552 1378932305 7235020097 1557476025 9377207677 
6087468148 2134522531 6302087888 2398535566 8408462018 
8776333889 3823940059 6938234755 5811966044 0536601708 
5155431409 2863357092 1594481160 1753296583 4133347177 
3027110597 0905178115 8901708660 2990160512 4794507024 
3012323067 0262179701 1415106820 0226813999 7507258321 
3035616679 4912610054 2012864532 2980067268 9000948209 
7075854102 1988488529 5459601974 7306361328 4296985538 
5226523816 1308896659 1450912488 6813125953 5362960576 
6031975042 9504118843 9397247053 6057894798 6283171400 
3968480764 2119094142 7568120273 2454233195 9311195239 
5056290622 6110099643 9894838164 6448745866 8307548577 
8532874081 9937572748 5219741371 8094296777 7411722239 
3641356033 2119093344 0755678783 8113045199 8451486289 
8000608483 8694206218 5271928018 7780424866 8080299512 
8970347329 4463170946 0038595125 4533868355 7968905846 
5172300670 4488896840 6108630406 1213515520 3874213928 
4496202225 7546585820 8669864060 4986554258 8590814553 
0994843493 8427338421 7864505139 8542739742 9095857008 
5614625618 3495270022 8141732536 7653979469 1275297470 
1317006383 5415965446 3424496835 2635059485 3447447210 
7805610781 0829649426 4788100259 7931877563 9239043291 
7853276342 0375229756 5752743408 2950845479 4701524526 
0899313885 7831239117 5126922556 6757288513 3404397696 
2540393117 4933713994 4952935680 1060379694 4595685975 
2498772673 4807907326 7618245233 5521216214 9680234492 
9254288655 1457337565 5765945557 0923953342 8142462903 
1727815403 9983415564 1983771801 8982112476 0855955518 
9995062073 0071403452 0815503329 8149750702 4426772643 
6033873753 9731484313 7407092665 4492295204 2319900734 
5946393119 9653505680 7332981486 5841109199 4439462723 
2845367711 2848473622 4606331360 2859105963 5237193871 
6345986963 6443906854 0532231931 5241354693 2487576730 
4633817030 2944798352 2602051814 9444585049 6120326909 
2337527162 3551335262 3432072194 3009358815 0339359897 
4493352695 7874572783 1403967039 6910017073 4149325310 
2206326301 6925237018 0120244226 8849290981 9555117195 
6120838155 0144858365 7166510269 0866487173 2381901486 
0992469913 1546082001 9927050473 0568876141 8932981083 
1023526482 8108102485 4502208757 2212834413 4379484999 
7279202583 5434172044 2598469327 4091417821 4394928017 
9974565987 3698287428 2682674844 2121371546 8232751128 
5341652370 3165307043 2582833721 1237137609 6959399375 
4953622322 2219746596 1933252907 4042487602 5138195242 
