
	*** PI avec 10000 décimales ***

 3, 14159 26535 89793 23846 26433 83279 50288 41971 69399 37510 
    58209 74944 59230 78164 06286 20899 86280 34825 34211 70679 
    82148 08651 32823 06647 09384 46095 50582 23172 53594 08128 
    48111 74502 84102 70193 85211 05559 64462 29489 54930 38196 
    44288 10975 66593 34461 28475 64823 37867 83165 27120 19091 

    45648 56692 34603 48610 45432 66482 13393 60726 02491 41273 
    72458 70066 06315 58817 48815 20920 96282 92540 91715 36436 
    78925 90360 01133 05305 48820 46652 13841 46951 94151 16094 
    33057 27036 57595 91953 09218 61173 81932 61179 31051 18548 
    07446 23799 62749 56735 18857 52724 89122 79381 83011 94912 

    98336 73362 44065 66430 86021 39494 63952 24737 19070 21798 
    60943 70277 05392 17176 29317 67523 84674 81846 76694 05132 
    00056 81271 45263 56082 77857 71342 75778 96091 73637 17872 
    14684 40901 22495 34301 46549 58537 10507 92279 68925 89235 
    42019 95611 21290 21960 86403 44181 59813 62977 47713 09960 

    51870 72113 49999 99837 29780 49951 05973 17328 16096 31859 
    50244 59455 34690 83026 42522 30825 33446 85035 26193 11881 
    71010 00313 78387 52886 58753 32083 81420 61717 76691 47303 
    59825 34904 28755 46873 11595 62863 88235 37875 93751 95778 
    18577 80532 17122 68066 13001 92787 66111 95909 21642 01989 

    38095 25720 10654 85863 27886 59361 53381 82796 82303 01952 
    03530 18529 68995 77362 25994 13891 24972 17752 83479 13151 
    55748 57242 45415 06959 50829 53311 68617 27855 88907 50983 
    81754 63746 49393 19255 06040 09277 01671 13900 98488 24012 
    85836 16035 63707 66010 47101 81942 95559 61989 46767 83744 

    94482 55379 77472 68471 04047 53464 62080 46684 25906 94912 
    93313 67702 89891 52104 75216 20569 66024 05803 81501 93511 
    25338 24300 35587 64024 74964 73263 91419 92726 04269 92279 
    67823 54781 63600 93417 21641 21992 45863 15030 28618 29745 
    55706 74983 85054 94588 58692 69956 90927 21079 75093 02955 

    32116 53449 87202 75596 02364 80665 49911 98818 34797 75356 
    63698 07426 54252 78625 51818 41757 46728 90977 77279 38000 
    81647 06001 61452 49192 17321 72147 72350 14144 19735 68548 
    16136 11573 52552 13347 57418 49468 43852 33239 07394 14333 
    45477 62416 86251 89835 69485 56209 92192 22184 27255 02542 

    56887 67179 04946 01653 46680 49886 27232 79178 60857 84383 
    82796 79766 81454 10095 38837 86360 95068 00642 25125 20511 
    73929 84896 08412 84886 26945 60424 19652 85022 21066 11863 
    06744 27862 20391 94945 04712 37137 86960 95636 43719 17287 
    46776 46575 73962 41389 08658 32645 99581 33904 78027 59009 

    94657 64078 95126 94683 98352 59570 98258 22620 52248 94077 
    26719 47826 84826 01476 99090 26401 36394 43745 53050 68203 
    49625 24517 49399 65143 14298 09190 65925 09372 21696 46151 
    57098 58387 41059 78859 59772 97549 89301 61753 92846 81382 
    68683 86894 27741 55991 85592 52459 53959 43104 99725 24680 

    84598 72736 44695 84865 38367 36222 62609 91246 08051 24388 
    43904 51244 13654 97627 80797 71569 14359 97700 12961 60894 
    41694 86855 58484 06353 42207 22258 28488 64815 84560 28506 
    01684 27394 52267 46767 88952 52138 52254 99546 66727 82398 
    64565 96116 35488 62305 77456 49803 55936 34568 17432 41125 

    15076 06947 94510 96596 09402 52288 79710 89314 56691 36867 
    22874 89405 60101 50330 86179 28680 92087 47609 17824 93858 
    90097 14909 67598 52613 65549 78189 31297 84821 68299 89487 
    22658 80485 75640 14270 47755 51323 79641 45152 37462 34364 
    54285 84447 95265 86782 10511 41354 73573 95231 13427 16610 

    21359 69536 23144 29524 84937 18711 01457 65403 59027 99344 
    03742 00731 05785 39062 19838 74478 08478 48968 33214 45713 
    86875 19435 06430 21845 31910 48481 00537 06146 80674 91927 
    81911 97939 95206 14196 63428 75444 06437 45123 71819 21799 
    98391 01591 95618 14675 14269 12397 48940 90718 64942 31961 

    56794 52080 95146 55022 52316 03881 93014 20937 62137 85595 
    66389 37787 08303 90697 92077 34672 21825 62599 66150 14215 
    03068 03844 77345 49202 60541 46659 25201 49744 28507 32518 
    66600 21324 34088 19071 04863 31734 64965 14539 05796 26856 
    10055 08106 65879 69981 63574 73638 40525 71459 10289 70641 

    40110 97120 62804 39039 75951 56771 57700 42033 78699 36007 
    23055 87631 76359 42187 31251 47120 53292 81918 26186 12586 
    73215 79198 41484 88291 64470 60957 52706 95722 09175 67116 
    72291 09816 90915 28017 35067 12748 58322 28718 35209 35396 
    57251 21083 57915 13698 82091 44421 00675 10334 67110 31412 

    67111 36990 86585 16398 31501 97016 51511 68517 14376 57618 
    35155 65088 49099 89859 98238 73455 28331 63550 76479 18535 
    89322 61854 89632 13293 30898 57064 20467 52590 70915 48141 
    65498 59461 63718 02709 81994 30992 44889 57571 28289 05923 
    23326 09729 97120 84433 57326 54893 82391 19325 97463 66730 

    58360 41428 13883 03203 82490 37589 85243 74417 02913 27656 
    18093 77344 40307 07469 21120 19130 20330 38019 76211 01100 
    44929 32151 60842 44485 96376 69838 95228 68478 31235 52658 
    21314 49576 85726 24334 41893 03968 64262 43410 77322 69780 
    28073 18915 44110 10446 82325 27162 01052 65227 21116 60396 

    66557 30925 47110 55785 37634 66820 65310 98965 26918 62056 
    47693 12570 58635 66201 85581 00729 36065 98764 86117 91045 
    33488 50346 11365 76867 53249 44166 80396 26579 78771 85560 
    84552 96541 26654 08530 61434 44318 58676 97514 56614 06800 
    70023 78776 59134 40171 27494 70420 56223 05389 94561 31407 

    11270 00407 85473 32699 39081 45466 46458 80797 27082 66830 
    63432 85878 56983 05235 80893 30657 57406 79545 71637 75254 
    20211 49557 61581 40025 01262 28594 13021 64715 50979 25923 
    09907 96547 37612 55176 56751 35751 78296 66454 77917 45011 
    29961 48903 04639 94713 29621 07340 43751 89573 59614 58901 

    93897 13111 79042 97828 56475 03203 19869 15140 28708 08599 
    04801 09412 14722 13179 47647 77262 24142 54854 54033 21571 
    85306 14228 81375 85043 06332 17518 29798 66223 71721 59160 
    77166 92547 48738 98665 49494 50114 65406 28433 66393 79003 
    97692 65672 14638 53067 36096 57120 91807 63832 71664 16274 

    88880 07869 25602 90228 47210 40317 21186 08204 19000 42296 
    61711 96377 92133 75751 14959 50156 60496 31862 94726 54736 
    42523 08177 03675 15906 73502 35072 83540 56704 03867 43513 
    62222 47715 89150 49530 98444 89333 09634 08780 76932 59939 
    78054 19341 44737 74418 42631 29860 80998 88687 41326 04721 

    56951 62396 58645 73021 63159 81931 95167 35381 29741 67729 
    47867 24229 24654 36680 09806 76928 23828 06899 64004 82435 
    40370 14163 14965 89794 09243 23789 69070 69779 42236 25082 
    21688 95738 37986 23001 59377 64716 51228 93578 60158 81617 
    55782 97352 33446 04281 51262 72037 34314 65319 77774 16031 

    99066 55418 76397 92933 44195 21541 34189 94854 44734 56738 
    31624 99341 91318 14809 27777 10386 38773 43177 20754 56545 
    32207 77092 12019 05166 09628 04909 26360 19759 88281 61332 
    31666 36528 61932 66863 36062 73567 63035 44776 28035 04507 
    77235 54710 58595 48702 79081 43562 40145 17180 62464 36267 

    94561 27531 81340 78330 33625 42327 83944 97538 24372 05835 
    31147 71199 26063 81334 67768 79695 97030 98339 13077 10987 
    04085 91337 46414 42822 77263 46594 70474 58784 77872 01927 
    71528 07317 67907 70715 72134 44730 60570 07334 92436 93113 
    83504 93163 12840 42512 19256 51798 06941 13528 01314 70130 

    47816 43788 51852 90928 54520 11658 39341 96562 13491 43415 
    95625 86586 55705 52690 49652 09858 03385 07224 26482 93972 
    85847 83163 05777 75606 88876 44624 82468 57926 03953 52773 
    48030 48029 00587 60758 25104 74709 16439 61362 67604 49256 
    27420 42083 20856 61190 62545 43372 13153 59584 50687 72460 

    29016 18766 79524 06163 42522 57719 54291 62991 93064 55377 
    99140 37340 43287 52628 88963 99587 94757 29174 64263 57455 
    25407 90914 51357 11136 94109 11939 32519 10760 20825 20261 
    87985 31887 70584 29725 91677 81314 96990 09019 21169 71737 
    27847 68472 68608 49003 37702 42429 16513 00500 51683 23364 

    35038 95170 29893 92233 45172 20138 12806 96501 17844 08745 
    19601 21228 59937 16231 30171 14448 46409 03890 64495 44400 
    61986 90754 85160 26327 50529 83491 87407 86680 88183 38510 
    22833 45085 04860 82503 93021 33219 71551 84306 35455 00766 
    82829 49304 13776 55279 39751 75461 24303 09133 10793 80756 

    17996 06557 21627 95305 74151 85840 40406 82976 19977 03489 
    73509 21750 01405 27061 05380 34745 94732 68099 95484 74819 
    02122 79881 80588 13413 46291 05568 36064 20378 88525 16460 
    75421 99566 68260 60775 99017 38155 18594 94912 30464 68080 
    26902 98445 08346 22000 69802 52518 61788 85893 83722 80175 

    25923 67714 34351 42816 75697 00918 20562 37681 14184 79217 
    54162 05016 45339 68679 09075 61536 99285 63506 01216 82566 
    87685 59931 10462 96229 35463 51047 29663 57506 91985 21154 
    07302 78681 15555 34085 27914 49970 68383 43457 63369 47690 
    52332 67705 52807 37931 32584 24944 66887 54388 17898 26315 

    25203 83409 04034 35416 31523 24854 48025 19724 34368 30435 
    36453 17300 57041 91963 17027 33358 99929 53014 61804 59215 
    38923 09257 61164 09647 06894 03083 93484 02066 71435 26164 
    40206 15025 46189 97716 26996 73720 38903 23463 14460 95522 
    07062 53909 96195 00115 66113 73491 30933 66389 51358 30740 

    53718 30321 92754 29109 60107 53603 83448 10176 68338 65789 
    81864 25257 73128 28977 58923 20683 67149 01364 70941 01753 
    60360 77155 69784 08803 51227 92420 28121 40550 18348 59584 
    36590 68469 28699 26664 49433 04227 37715 26567 48637 10672 
    39673 42191 41647 21130 94075 37278 39380 67414 32661 85287 

    23307 20050 33238 57669 95970 42140 93544 22945 35943 91693 
    22542 53240 09687 86539 00510 35771 81141 54566 12577 33039 
    39304 84636 73237 89360 33858 60530 44676 72847 88932 41368 
    15264 90626 57811 04522 16223 90459 92341 75631 14496 95302 
    88669 58897 38578 81101 79548 01997 93513 23222 85692 37460 

    07135 31445 74046 45971 68405 59667 48732 89167 86924 10220 
    61178 19517 51522 28393 93266 76927 97100 91022 77693 67926 
    37677 31343 51646 12611 97776 67389 03450 64171 88714 96627 
    83710 41230 39561 52709 86790 03683 67694 81454 80013 30449 
    77344 21046 20391 11145 35324 05092 36171 01281 31932 81590 

    68811 60347 66933 88415 43950 26346 34461 08347 37846 71447 
    03172 56035 21780 57718 45492 64958 91484 96972 83620 00284 
    85290 19977 41890 80460 53222 86776 61511 99746 76062 26005 
    76250 08387 50549 78870 40846 40456 89452 13853 25306 31495 
    08969 16631 58132 78035 49954 35352 97921 64247 04156 81733 

    88316 43310 97744 47197 79849 42977 62842 09164 82633 58196 
    03996 87000 01672 27068 76011 23040 15815 46677 14833 29192 
    68759 61278 04046 99636 12410 65228 25029 39597 68375 22410 
    69862 93813 80297 75037 71563 20767 97684 32673 65411 67948 
    12437 87993 53041 29210 90596 51538 93786 02138 06515 47594 

    56296 16994 02200 76320 82939 52825 94118 69750 36280 04847 
    79226 04301 34231 86796 34675 83041 98351 33883 64468 14748 
    55372 69651 80415 75351 18332 09817 70956 57189 23035 33891 
    87767 50001 22995 34746 77578 84956 46873 32332 00586 82168 
    87655 52185 17515 48813 64968 53962 06610 16833 94889 08162 

    22252 89902 79040 67739 35254 49689 60600 10969 68343 78627 
    20090 78053 76322 05959 95188 35338 77283 58030 01011 42744 
    17390 33642 71680 25169 94183 00910 64447 46667 00623 34055 
    32338 85093 16193 59023 18853 57334 97965 40170 32020 06983 
    43019 80757 52876 26828 80192 89500 83521 23318 17746 46319 

    68360 68306 43780 25913 32586 95615 74956 38268 30249 33910 
    56946 49715 48931 79719 89625 40182 15424 55820 58047 55474 
    11806 14957 10686 97691 11626 85916 72075 79442 56620 59638 
    96813 04121 20810 19322 74269 90199 87110 13815 62092 02533 
    38257 32140 76013 39657 74864 87023 31238 84187 86070 56705 

    00381 18629 85846 14114 06639 61395 27170 33807 99588 26221 
    77112 29345 71347 69885 76152 31463 59188 64099 47556 09497 
    39331 64319 58916 07646 30793 14769 30606 94053 76607 82936 
    02327 72421 51450 66625 25476 35217 06250 55962 88927 68557 
    55775 35578 16625 13972 89430 39696 28091 45848 86514 28064 

    20475 94453 63975 24421 07732 56411 95684 64108 96761 07835 
    75610 65793 70228 64058 83759 59157 74565 80243 31647 77301 
    06229 57705 85690 70399 09939 44286 65799 40620 95300 49397 
    97991 50442 66444 98316 14150 96717 06314 82658 05803 06571 
    24642 86672 24326 38458 62796 24214 07008 85800 65618 34456 

    84730 44534 38791 00494 92642 95933 24440 93469 00148 89974 
    50292 79130 86797 49204 60054 03762 56493 71448 03806 63332 
    79827 86910 27418 55751 65165 96868 63250 22195 32868 53810 
    61974 53860 30500 28843 64739 42459 47527 43955 90837 80650 
    61414 40063 86185 15902 99362 96717 91061 68601 20981 54658 